13	2210	0
210	2668	0
919	2092	0
250	2231	0
1761	3246	0
256	2512	0
1625	3147	0
1930	3275	0
313	2740	0
278	2607	0
1549	2329	0
27	2308	0
1361	2098	0
1465	2597	0
67	2445	0
508	2181	0
139	2599	0
1153	2504	0
1614	3217	0
334	2761	0
1556	2662	0
422	2708	0
654	2943	0
233	2479	0
1864	3281	0
1204	2823	0
1102	2327	0
20	2272	0
1411	3164	0
153	2199	0
967	2653	0
5	2094	0
1632	2133	0
1797	2632	0
1271	3033	0
1562	2917	0
739	2881	0
465	2415	0
79	2479	0
660	2205	0
1622	3222	0
1173	3098	0
103	2131	0
180	2637	0
13	2214	0
62	2169	0
102	2455	0
647	2937	0
620	2561	0
27	2181	0
1030	2484	0
516	2774	0
395	2621	0
364	2779	0
1228	2603	0
1967	2403	0
727	2967	0
7	2136	0
1320	2981	0
1942	3313	0
6	2117	0
730	2069	0
123	2316	0
39	2358	0
522	2883	0
1757	2951	0
1435	3168	0
388	2416	0
141	2315	0
191	2123	0
1601	2603	0
7	2140	0
98	2612	0
341	2663	0
1148	2504	0
910	2628	0
1998	3012	0
973	2470	0
1077	3064	0
110	2549	0
1857	3278	0
1355	3145	0
13	2128	0
811	2997	0
123	2561	0
1635	2141	0
299	2080	0
399	2249	0
578	2475	0
1959	2411	0
118	2556	0
1431	2249	0
1146	2696	0
61	2133	0
949	2527	0
444	2297	0
1974	2676	0
1506	3188	0
1697	2093	0
15	2238	0
310	2084	0
316	2641	0
352	2227	0
1610	3214	0
1454	2213	0
1002	2483	0
2007	3255	0
187	2644	0
1437	2351	0
362	2778	0
65	2326	0
5	2095	0
1430	3166	0
183	2641	0
979	3039	0
1769	3138	0
1329	2574	0
4	2102	0
899	2913	0
1960	2275	0
620	2219	0
628	2926	0
1962	2303	0
1177	2080	0
1799	2573	0
1135	3089	0
225	2558	0
13	2219	0
45	2381	0
106	2460	0
165	2618	0
134	2590	0
45	2386	0
823	2165	0
30	2328	0
858	2848	0
304	2068	0
506	2875	0
106	2540	0
133	2203	0
1418	2888	0
181	2638	0
1438	2958	0
1594	3208	0
1917	2199	0
638	2541	0
1452	2525	0
667	2599	0
521	2438	0
1902	2196	0
462	2620	0
34	2155	0
663	2384	0
1171	3096	0
1040	2487	0
733	2624	0
789	2085	0
2025	3281	0
1003	2587	0
1375	3154	0
225	2643	0
1754	3244	0
6	2119	0
931	2993	0
72	2400	0
384	2798	0
768	2662	0
1955	3308	0
1714	3115	0
731	2546	0
455	2384	0
7	2142	0
1707	2995	0
802	2092	0
1547	2636	0
1372	2304	0
57	2200	0
155	2500	0
31	3299	0
1179	2080	0
1434	3167	0
2004	3168	0
1888	3290	0
248	2706	0
113	2494	0
1886	2215	0
1935	3258	0
529	2894	0
805	2840	0
477	2852	0
1518	3137	0
527	2884	0
1767	3248	0
1513	2304	0
679	2091	0
954	3029	0
1880	3274	0
298	2739	0
1113	2960	0
25	2222	0
1428	3166	0
302	2658	0
1345	3137	0
1742	2332	0
1790	3253	0
26	2300	0
1547	3198	0
366	2386	0
941	2884	0
649	2504	0
856	2800	0
8	2161	0
82	2487	0
572	2424	0
29	2317	0
14	2223	0
992	2296	0
47	2390	0
228	2428	0
484	2856	0
555	2547	0
1490	3117	0
1124	3080	0
62	2233	0
350	2165	0
747	2977	0
2039	3277	0
78	2478	0
473	2812	0
539	2304	0
1673	2087	0
1512	2304	0
1025	2267	0
769	2403	0
681	2404	0
88	2502	0
71	2464	0
5	2077	0
1874	2627	0
542	2783	0
1724	3240	0
2057	3276	0
1439	2171	0
277	2435	0
386	2080	0
970	2652	0
1482	2304	0
240	2219	0
31	2333	0
1947	3312	0
62	2165	0
24	2289	0
208	2569	0
1106	2080	0
1239	2096	0
1821	2837	0
1303	2084	0
1945	3299	0
1400	2876	0
8	2157	0
233	2685	0
1818	2936	0
1547	2411	0
430	2143	0
742	2973	0
188	2494	0
1992	2950	0
517	2406	0
1253	2910	0
1557	2278	0
788	2918	0
1939	3305	0
1738	3241	0
1938	2447	0
533	2895	0
1147	2986	0
33	2336	0
1933	3292	0
720	2333	0
1655	2494	0
1385	2967	0
106	2541	0
1483	3175	0
1069	3021	0
752	2860	0
178	2618	0
620	2925	0
1567	3203	0
2024	3279	0
1766	2547	0
125	2569	0
1022	2586	0
240	2504	0
28	2319	0
1875	2201	0
715	2183	0
1545	3195	0
1825	2104	0
763	2759	0
557	2902	0
1081	3068	0
819	2670	0
127	2574	0
637	2282	0
87	2499	0
1399	2571	0
368	2783	0
1271	3034	0
1352	2751	0
556	2901	0
1777	3250	0
478	2854	0
15	2229	0
21	2067	0
1363	2141	0
963	3035	0
1621	3134	0
139	2596	0
1456	3174	0
487	2858	0
336	2764	0
188	2647	0
361	2268	0
69	2212	0
752	2789	0
1722	2564	0
161	2334	0
23	2286	0
1941	2333	0
1057	2862	0
309	2609	0
319	2750	0
803	2931	0
123	2538	0
256	2165	0
190	2648	0
53	2184	0
1848	3269	0
1675	3153	0
1737	2085	0
925	2881	0
1822	2612	0
1587	2873	0
797	2852	0
712	2911	0
1067	3058	0
148	2437	0
548	2556	0
312	2239	0
1879	2627	0
219	2440	0
1788	3252	0
10	2190	0
1206	2544	0
760	2524	0
68	2245	0
2040	3281	0
1322	3127	0
1164	3095	0
1100	2327	0
265	2327	0
5	2098	0
1748	3115	0
90	2510	0
427	2830	0
1335	2819	0
551	2899	0
1200	3108	0
1291	2586	0
1856	3277	0
1268	2528	0
1347	3139	0
694	2534	0
882	3013	0
106	2526	0
460	2845	0
452	2842	0
22	2285	0
124	2230	0
1745	2979	0
106	2527	0
163	2579	0
1928	3305	0
985	2851	0
515	2525	0
356	2634	0
1920	2201	0
929	2269	0
938	3023	0
435	2835	0
1221	2121	0
336	2763	0
1629	3224	0
411	2821	0
612	2539	0
1496	2654	0
214	2451	0
485	2179	0
28	2315	0
557	2903	0
1891	3295	0
1674	2141	0
1925	3304	0
1884	3284	0
1107	2080	0
202	2250	0
299	2086	0
692	2384	0
300	2213	0
13	2211	0
1868	3284	0
28	2322	0
493	2502	0
1147	2924	0
1394	2547	0
1942	3309	0
11	2203	0
2047	3271	0
407	2817	0
756	2651	0
1333	2819	0
188	2646	0
245	2672	0
1798	2990	0
146	2160	0
449	2172	0
945	2265	0
45	2153	0
1858	3279	0
1493	3184	0
119	2557	0
174	2632	0
529	2888	0
1782	2279	0
688	2090	0
1095	3076	0
48	2158	0
4	2099	0
1432	3167	0
30	2209	0
1604	2099	0
1845	3265	0
1260	2161	0
1613	3216	0
232	2687	0
296	2655	0
34	2341	0
935	2526	0
953	3026	0
640	2935	0
1150	2787	0
34	2158	0
227	2617	0
957	2243	0
1506	2304	0
73	2469	0
8	2172	0
1857	3281	0
258	2712	0
282	2726	0
117	2337	0
1805	3042	0
106	2536	0
1233	2571	0
1973	2624	0
1722	3238	0
1576	3205	0
948	2094	0
714	2928	0
1366	3141	0
582	2517	0
753	2076	0
48	2398	0
567	2910	0
157	2609	0
15	2075	0
934	2347	0
123	2564	0
612	2247	0
1662	3232	0
963	2891	0
658	2090	0
329	2757	0
562	2093	0
937	3011	0
95	2517	0
1931	3280	0
1800	2573	0
8	2148	0
82	2482	0
284	2728	0
1058	2879	0
629	2927	0
502	2871	0
994	2484	0
1220	2121	0
2002	3122	0
964	2997	0
366	2781	0
81	2301	0
1448	2952	0
698	2384	0
836	2989	0
474	2847	0
1096	2327	0
73	2468	0
1870	2852	0
8	2116	0
721	2195	0
31	2313	0
355	2391	0
160	2468	0
70	2461	0
1739	2925	0
2016	3273	0
424	2175	0
489	2156	0
9	2175	0
346	2366	0
1876	2627	0
89	2504	0
201	2636	0
780	2519	0
1743	2853	0
194	2336	0
247	2250	0
917	2736	0
171	2623	0
289	2650	0
348	2771	0
1810	2101	0
1149	3092	0
1634	2133	0
409	2820	0
2059	3310	0
792	2578	0
1876	2201	0
47	2211	0
187	2645	0
11	2198	0
1638	2218	0
168	2383	0
459	2179	0
383	2677	0
4	2085	0
1667	3233	0
784	2176	0
205	2661	0
1608	3213	0
274	2121	0
1023	2486	0
1085	3072	0
898	2079	0
97	2518	0
702	2213	0
1487	2304	0
1313	2214	0
1463	2839	0
173	2451	0
1301	2555	0
960	2217	0
1657	2547	0
1955	2949	0
420	2161	0
693	2534	0
428	2831	0
936	2100	0
53	2258	0
1468	2598	0
1398	3140	0
1249	2067	0
1930	2199	0
1083	3069	0
489	2147	0
1626	3223	0
985	2482	0
817	2077	0
847	2090	0
168	2623	0
787	2694	0
1409	3162	0
135	2229	0
20	2274	0
549	2067	0
1921	2534	0
14	2224	0
1266	2595	0
482	2820	0
352	2423	0
1091	3068	0
1705	2304	0
47	2388	0
974	2472	0
195	2164	0
62	2238	0
1057	2219	0
989	2472	0
584	2566	0
843	2693	0
425	2829	0
129	2579	0
1111	2121	0
806	2994	0
1393	2547	0
47	2219	0
1783	2279	0
1197	2798	0
5	2104	0
7	2138	0
1607	3155	0
640	2661	0
1883	2851	0
345	2372	0
1028	3044	0
1106	2829	0
1305	3116	0
229	2606	0
441	2838	0
1242	2990	0
1073	3060	0
740	2124	0
61	2429	0
1519	2304	0
125	2570	0
946	2674	0
436	2168	0
1901	2200	0
498	2468	0
1422	2570	0
1034	2484	0
793	2750	0
1155	2561	0
1048	3050	0
1768	3248	0
920	3006	0
14	2117	0
40	2360	0
1050	3051	0
1036	2267	0
166	2620	0
1959	2983	0
1615	2133	0
63	2189	0
1047	2859	0
1117	2712	0
211	2346	0
620	2332	0
1461	3177	0
128	2531	0
855	2721	0
1057	3053	0
927	2233	0
446	2756	0
18	2254	0
1725	3239	0
15	2230	0
873	2414	0
901	2702	0
1792	3024	0
651	2340	0
9	2182	0
431	2646	0
1598	2253	0
1951	2571	0
820	2250	0
132	2586	0
53	2133	0
128	2575	0
644	2824	0
1879	3274	0
573	2342	0
4	2076	0
527	2886	0
1931	3307	0
765	2980	0
1485	3175	0
538	2304	0
1883	3285	0
655	2945	0
404	2076	0
45	2385	0
7	2129	0
774	2216	0
1723	3238	0
360	2366	0
835	3004	0
349	2773	0
620	2924	0
69	2454	0
85	2493	0
87	2133	0
28	2316	0
1787	3251	0
22	2283	0
822	2703	0
1930	3286	0
1510	2304	0
791	2673	0
43	2371	0
954	3027	0
2008	3255	0
1868	3285	0
507	2603	0
466	2801	0
270	2722	0
1022	2201	0
1924	3261	0
1171	2080	0
367	2725	0
1969	2561	0
212	2397	0
342	2619	0
1115	2296	0
445	2840	0
1875	3289	0
528	2871	0
182	2639	0
54	2407	0
2029	3280	0
1708	3138	0
969	3038	0
1034	2201	0
6	2122	0
1930	3279	0
103	2132	0
140	2135	0
1223	2232	0
90	2306	0
35	2343	0
123	2562	0
415	2541	0
61	2434	0
1548	2729	0
144	2244	0
831	2502	0
1923	2203	0
810	2245	0
985	2586	0
1497	2304	0
475	2504	0
199	2129	0
1553	2568	0
432	2535	0
82	2484	0
7	2130	0
6	2121	0
29	2324	0
614	2286	0
1494	2906	0
45	2382	0
44	2153	0
1555	3030	0
1600	2698	0
1475	2598	0
1087	2521	0
8	2163	0
2036	3279	0
1570	2257	0
50	2305	0
2063	3310	0
17	2247	0
17	2249	0
1599	3210	0
1241	2085	0
27	2190	0
397	2808	0
1939	3306	0
139	2598	0
6	2124	0
125	2567	0
132	2264	0
1306	2366	0
745	2811	0
12	2205	0
1770	2304	0
814	2480	0
501	2194	0
19	2258	0
1130	3084	0
531	2308	0
1547	3197	0
1308	2990	0
15	2231	0
821	2761	0
523	2888	0
168	2377	0
7	2135	0
1333	2403	0
116	2553	0
543	2536	0
1904	2200	0
23	2287	0
1196	2164	0
369	2191	0
1505	3148	0
1286	2067	0
1034	2482	0
1168	2090	0
19	2261	0
866	2238	0
34	2150	0
1932	3285	0
62	2234	0
1718	2305	0
1267	2594	0
1965	2536	0
1018	3042	0
110	2548	0
908	2526	0
497	2864	0
126	2573	0
1456	3147	0
1525	3190	0
248	2596	0
90	2508	0
128	2194	0
1956	3276	0
1187	2797	0
294	2633	0
1150	2504	0
1898	3264	0
2023	3281	0
585	2373	0
1862	3282	0
335	2365	0
48	2400	0
367	2782	0
1886	2702	0
1869	3286	0
1264	3020	0
1682	3152	0
231	2686	0
454	2844	0
841	2249	0
8	2152	0
216	2139	0
1278	2429	0
1074	2133	0
781	2327	0
1837	3259	0
16	2241	0
385	2799	0
1370	2593	0
323	2727	0
650	2941	0
1759	2951	0
828	3001	0
1318	2602	0
1213	2124	0
1065	2104	0
111	2551	0
521	2235	0
77	2475	0
59	2159	0
1598	3210	0
1319	2929	0
179	2469	0
1402	2571	0
1090	3074	0
5	2108	0
1077	2988	0
6	2118	0
1831	2106	0
1309	3114	0
421	2827	0
1946	3312	0
890	2996	0
1931	3273	0
8	2169	0
1550	3124	0
1420	2757	0
846	2998	0
211	2527	0
142	2354	0
1868	3287	0
374	2787	0
168	2372	0
1491	3117	0
128	2249	0
1593	3127	0
1613	3217	0
605	2433	0
1937	3274	0
208	2665	0
25	2294	0
11	2200	0
1937	3284	0
1652	3136	0
759	2498	0
348	2772	0
526	2890	0
537	2706	0
418	2825	0
815	2882	0
174	2633	0
1473	3181	0
37	2177	0
1070	2602	0
102	2527	0
716	2427	0
444	2839	0
1899	3295	0
2032	3283	0
755	2295	0
1669	2087	0
1506	3187	0
1016	2942	0
202	2659	0
171	2383	0
98	2753	0
897	2078	0
139	2527	0
265	2717	0
1272	2444	0
1701	2384	0
7	2141	0
566	2899	0
1932	2947	0
1835	3257	0
7	2066	0
9	2174	0
84	2125	0
332	2645	0
1263	2153	0
1603	2099	0
1022	2482	0
268	2720	0
914	2262	0
10	2192	0
1880	2627	0
1597	2133	0
383	2547	0
545	2384	0
1930	3278	0
804	2133	0
7	2139	0
1024	2483	0
1894	3294	0
1838	3260	0
1849	2306	0
880	3012	0
986	3031	0
2055	3307	0
844	2628	0
1443	2571	0
507	2387	0
1017	2307	0
653	2302	0
1541	2550	0
87	2500	0
1609	3213	0
15	2232	0
1466	2598	0
94	2514	0
1014	2312	0
10	2187	0
1667	2593	0
1527	2983	0
1288	2666	0
354	2352	0
1111	2363	0
414	2430	0
262	2715	0
212	2214	0
1232	2571	0
922	2156	0
510	2233	0
62	2361	0
69	2455	0
14	2221	0
1000	2472	0
1741	2332	0
128	2576	0
71	2351	0
928	2323	0
957	2731	0
478	2822	0
1073	3061	0
1172	3097	0
85	2137	0
1851	3273	0
275	2402	0
1246	2865	0
1602	2099	0
601	2077	0
854	2080	0
1165	2830	0
168	2625	0
168	2624	0
2	2742	0
9	2173	0
17	2133	0
1736	2085	0
973	2439	0
6	2111	0
1101	2403	0
718	2804	0
307	2453	0
1542	2550	0
1355	3045	0
1161	2230	0
983	2896	0
197	2606	0
1876	3284	0
124	2566	0
1302	2084	0
108	2247	0
1080	2133	0
158	2069	0
627	2316	0
1672	2163	0
433	2697	0
1315	2510	0
1678	3154	0
1907	3297	0
1094	3077	0
511	2877	0
1094	3076	0
528	2891	0
2009	3265	0
267	2719	0
788	2977	0
523	2767	0
1935	3259	0
685	2959	0
1027	3043	0
1250	2525	0
201	2155	0
135	2591	0
1381	2941	0
1784	3116	0
1485	2304	0
532	2890	0
1064	3058	0
1915	2507	0
322	2251	0
1330	2574	0
782	2935	0
1762	3246	0
413	2254	0
172	2533	0
10	2193	0
1611	3215	0
553	2080	0
563	2905	0
43	2369	0
13	2218	0
144	2387	0
1268	2526	0
235	2223	0
205	2364	0
1259	2161	0
25	2295	0
1743	2589	0
318	2748	0
769	2536	0
57	2416	0
5	2088	0
213	2490	0
1048	3049	0
680	2958	0
1959	3198	0
1862	3281	0
649	2938	0
171	2372	0
433	2834	0
1872	3274	0
962	2774	0
1686	3143	0
1408	3025	0
41	2111	0
99	2344	0
1858	3281	0
196	2656	0
1602	2604	0
163	2615	0
1584	3206	0
580	2363	0
1659	3230	0
641	2936	0
302	2493	0
1085	2133	0
62	2325	0
1138	2237	0
80	2479	0
390	2802	0
1969	2504	0
139	2595	0
398	2809	0
1549	3199	0
387	2800	0
13	2126	0
20	2262	0
918	2994	0
103	2532	0
8	2162	0
1940	2627	0
7	2112	0
8	2158	0
985	2627	0
1340	3133	0
527	2885	0
7	2132	0
1936	2949	0
1952	3312	0
1842	2757	0
1791	2714	0
139	2597	0
1039	2627	0
305	2665	0
1453	3172	0
326	2753	0
1699	2384	0
1296	2484	0
773	2133	0
293	2611	0
1581	2352	0
1399	3159	0
223	2681	0
1817	2103	0
1883	2627	0
1546	3196	0
1520	2547	0
150	2466	0
1013	3025	0
339	2629	0
1034	2311	0
315	2321	0
1267	3117	0
374	2504	0
692	2781	0
8	2153	0
1911	3299	0
1278	3120	0
1885	2215	0
2012	3270	0
1255	2420	0
266	2390	0
1103	2080	0
324	2483	0
26	2301	0
347	2073	0
798	2160	0
1255	2421	0
11	2204	0
1665	2593	0
16	2240	0
220	2530	0
1404	3048	0
29	2318	0
1888	3291	0
1041	2267	0
1603	2604	0
1575	3205	0
1752	3243	0
469	2849	0
1203	2832	0
230	2684	0
152	2605	0
13	2215	0
1563	3163	0
327	2755	0
1717	2121	0
170	2481	0
31	2332	0
347	2732	0
950	2894	0
99	2520	0
59	2424	0
1084	3069	0
1715	2069	0
1703	2384	0
1325	2345	0
609	2918	0
1039	2484	0
499	2668	0
5	2083	0
99	2253	0
4	2098	0
4	2077	0
1572	3204	0
1906	3271	0
948	3024	0
981	2905	0
186	2643	0
707	2434	0
66	2542	0
343	2767	0
10	2181	0
1889	3292	0
1310	3114	0
26	2303	0
441	2828	0
1125	3029	0
2045	3293	0
1680	3170	0
330	2130	0
4	2075	0
1341	3134	0
1940	2333	0
714	2964	0
1504	3187	0
787	2986	0
115	2123	0
44	2378	0
343	2539	0
1483	2304	0
1740	2987	0
11	3263	0
695	2375	0
496	2856	0
66	2543	0
33	2340	0
781	2536	0
1762	3247	0
1399	2547	0
6	2123	0
906	2246	0
410	2730	0
4	2088	0
319	2749	0
189	2524	0
425	2547	0
1543	2502	0
1079	3066	0
552	2324	0
242	2161	0
1528	3192	0
1103	2718	0
761	2566	0
1296	2627	0
1300	3123	0
550	2898	0
74	2472	0
1293	2201	0
902	3015	0
636	2621	0
833	2795	0
1910	3298	0
4	2082	0
720	2627	0
429	2527	0
10	2188	0
151	2329	0
8	2149	0
1469	2598	0
9	2162	0
1606	2177	0
612	2461	0
1419	3036	0
1332	2897	0
1211	3110	0
1087	3061	0
1152	3093	0
343	2247	0
1010	2548	0
279	2725	0
61	2433	0
1136	3090	0
1788	3251	0
2034	3281	0
265	2547	0
500	2868	0
399	2810	0
126	2572	0
54	2197	0
2058	3271	0
198	2369	0
1887	3290	0
781	2403	0
370	2362	0
66	2443	0
518	2881	0
1312	3125	0
458	2331	0
1339	3133	0
1144	3091	0
68	2411	0
9	2160	0
211	2528	0
348	2252	0
1975	2681	0
1848	3268	0
1424	3152	0
478	2821	0
25	2151	0
1796	2392	0
1964	2504	0
1412	2876	0
2021	3280	0
583	2345	0
1123	2904	0
552	2688	0
1403	2483	0
869	2835	0
605	2777	0
55	2410	0
1080	3065	0
130	2582	0
1451	2351	0
299	2357	0
960	2529	0
1670	2087	0
936	2093	0
181	2082	0
83	2490	0
1874	3284	0
28	2320	0
1637	3225	0
1529	3193	0
1153	3093	0
1104	2080	0
1945	2851	0
1905	3298	0
1832	2107	0
1931	2950	0
78	2477	0
1078	2133	0
1387	3158	0
1725	3240	0
629	2089	0
348	2766	0
384	2797	0
1012	2088	0
1206	3002	0
701	2248	0
27	2199	0
4	2094	0
307	2457	0
1273	2802	0
40	2074	0
999	3041	0
95	2065	0
887	2470	0
104	3265	0
1049	2914	0
33	2337	0
483	2552	0
631	2929	0
2038	3274	0
1375	3153	0
406	2816	0
173	2400	0
129	2580	0
771	2571	0
315	2746	0
212	2158	0
671	2137	0
1011	2472	0
1163	2153	0
1321	2528	0
775	2238	0
1027	2392	0
231	2479	0
1999	2702	0
101	2525	0
365	2084	0
42	2367	0
1467	2598	0
17	2251	0
659	2948	0
1592	3126	0
954	3028	0
619	2133	0
105	2288	0
164	2616	0
9	2181	0
83	2491	0
2015	3273	0
786	2529	0
1262	3020	0
749	2809	0
10	2195	0
888	3014	0
1846	3266	0
665	2133	0
298	2738	0
71	2463	0
170	2627	0
1638	2133	0
620	2316	0
193	2654	0
1492	3184	0
611	2149	0
13	2209	0
73	2471	0
38	2780	0
1936	3277	0
1005	2091	0
1869	3288	0
6	2116	0
248	2663	0
1990	3305	0
900	2514	0
345	2770	0
1088	2963	0
1645	2952	0
307	2743	0
1901	2203	0
31	2331	0
142	2536	0
62	2437	0
102	2526	0
1114	2863	0
1312	3124	0
148	2325	0
132	2589	0
438	2084	0
1508	3178	0
316	2640	0
1820	2280	0
24	2225	0
1749	3242	0
238	2162	0
14	2153	0
156	2608	0
259	2490	0
1331	2574	0
1836	3258	0
1890	3292	0
1149	2504	0
849	2086	0
998	2181	0
1358	2646	0
389	2572	0
1963	2358	0
1900	2306	0
128	2477	0
149	2347	0
487	2080	0
301	2575	0
11	2196	0
1893	3295	0
1723	3239	0
76	2474	0
1402	2547	0
1521	2304	0
90	2507	0
227	2605	0
1141	2788	0
776	2749	0
1362	3130	0
1054	2109	0
440	2837	0
506	2873	0
1324	3109	0
2010	3268	0
1981	2771	0
199	2139	0
158	2523	0
91	2352	0
4	2091	0
417	2600	0
114	2251	0
97	2291	0
314	2704	0
98	2467	0
395	2805	0
60	2426	0
788	2919	0
28	2323	0
1523	2304	0
25	2292	0
862	2529	0
85	2401	0
78	2201	0
916	2999	0
369	2440	0
30	2329	0
485	2857	0
503	2803	0
332	2644	0
5	2089	0
211	2083	0
255	2361	0
1104	2547	0
402	2317	0
1151	2938	0
605	2778	0
1051	3051	0
1294	2482	0
442	2303	0
1328	3130	0
532	2889	0
2046	3278	0
18	2256	0
1311	3040	0
818	2299	0
20	2264	0
1869	2851	0
1187	3103	0
1783	2510	0
82	2481	0
795	2213	0
28	2313	0
911	2702	0
1773	3138	0
92	2511	0
729	2669	0
1575	2352	0
142	2353	0
994	2273	0
1246	2613	0
261	2692	0
1014	2271	0
60	2427	0
54	2408	0
1727	3090	0
83	2488	0
685	2471	0
1415	2540	0
1264	2153	0
273	2724	0
248	2704	0
523	2887	0
1983	2792	0
1060	2547	0
754	2438	0
662	2951	0
137	2592	0
908	2528	0
1702	2384	0
610	2920	0
699	2825	0
45	2377	0
522	2884	0
85	2367	0
1244	3052	0
92	2438	0
990	2851	0
31	3312	0
271	2547	0
642	2813	0
47	2389	0
4	2107	0
1210	2903	0
102	2528	0
306	2322	0
94	2515	0
1283	3122	0
1779	2782	0
40	2099	0
24	2118	0
8	2160	0
218	2617	0
123	2563	0
1900	3278	0
797	2851	0
66	2474	0
35	2346	0
308	2458	0
226	2446	0
304	2742	0
1188	3103	0
1140	2794	0
63	2188	0
1468	3180	0
1516	2304	0
472	2621	0
68	2449	0
3	2073	0
1327	2310	0
17	2667	0
609	2133	0
1938	3304	0
675	2955	0
9	2156	0
414	2823	0
1659	3231	0
830	2161	0
1589	2753	0
1852	3273	0
1298	2403	0
1295	2627	0
86	2498	0
1478	2304	0
146	2260	0
543	2403	0
55	2409	0
549	2232	0
2018	3276	0
703	2084	0
1954	3310	0
1628	3224	0
796	2842	0
1848	3270	0
1535	2324	0
1881	3285	0
211	2246	0
1980	2766	0
1525	3189	0
39	2359	0
465	2451	0
738	2447	0
1176	3101	0
1277	3120	0
519	2882	0
264	2304	0
1677	3234	0
1477	3117	0
74	2286	0
788	2988	0
1680	3169	0
47	2230	0
120	2162	0
40	2363	0
205	2660	0
1972	2627	0
160	2613	0
1916	3301	0
1616	3219	0
657	2290	0
409	2731	0
86	2496	0
232	2371	0
674	2954	0
1771	3249	0
1720	3192	0
1179	3102	0
1577	2352	0
1225	2232	0
45	2384	0
939	2670	0
192	2650	0
1896	3296	0
743	2081	0
99	2523	0
771	2547	0
256	2709	0
113	2103	0
481	2488	0
1386	3143	0
298	2740	0
339	2417	0
591	2728	0
1621	3132	0
1647	3145	0
833	3003	0
512	2654	0
371	2784	0
599	2087	0
461	2196	0
1883	2201	0
148	2238	0
238	2691	0
25	2153	0
1683	3057	0
7	2134	0
48	2399	0
108	2545	0
308	2615	0
766	2757	0
1562	3201	0
805	2993	0
1785	2096	0
758	2170	0
388	2801	0
9	2180	0
31	2330	0
1650	3136	0
1844	3265	0
1728	3028	0
725	2966	0
1300	2980	0
293	2732	0
434	2697	0
61	2432	0
914	2366	0
1336	2819	0
386	2086	0
417	2302	0
1985	2844	0
1086	3072	0
172	2399	0
1936	3268	0
593	2476	0
893	2855	0
323	2422	0
565	2909	0
1236	2096	0
1293	2851	0
233	2411	0
315	2745	0
1929	2194	0
1479	2304	0
743	2974	0
844	2392	0
5	2079	0
1157	2561	0
563	2906	0
447	2737	0
412	2428	0
9	2177	0
870	2348	0
9	2166	0
397	2807	0
225	2642	0
159	2071	0
1838	3259	0
1517	2304	0
159	2610	0
1957	2505	0
26	2302	0
29	2323	0
1038	2486	0
210	2429	0
773	2975	0
867	3010	0
8	2147	0
1425	2403	0
569	2070	0
2017	3274	0
222	2679	0
818	2300	0
433	2480	0
990	2309	0
1538	2277	0
813	2338	0
374	2785	0
10	2189	0
1198	2770	0
1082	2133	0
825	2378	0
1044	3045	0
353	2413	0
904	2757	0
386	2593	0
237	2689	0
1021	2274	0
321	2402	0
128	2537	0
48	2394	0
1326	3057	0
531	2586	0
66	2444	0
1113	2433	0
768	2364	0
854	3008	0
494	2863	0
2060	3310	0
1022	2311	0
816	2999	0
59	2153	0
40	2362	0
885	3008	0
1823	2104	0
1898	3263	0
1758	2951	0
1938	3303	0
1654	3143	0
1462	2953	0
193	2652	0
1280	2168	0
95	2179	0
1884	2201	0
384	2143	0
393	2592	0
139	2600	0
1304	2934	0
1139	2433	0
834	2793	0
33	2335	0
278	2153	0
1990	3261	0
769	2984	0
6	2115	0
686	2731	0
126	2571	0
38	2354	0
148	2436	0
913	2229	0
1862	3283	0
810	2659	0
8	2167	0
375	2789	0
997	2455	0
271	2723	0
1489	2304	0
467	2848	0
1252	2621	0
20	2279	0
355	2775	0
44	2379	0
1950	2146	0
1855	3278	0
1369	2141	0
361	2307	0
1274	2982	0
555	2403	0
501	2201	0
99	2521	0
1133	3088	0
296	2593	0
617	2287	0
1500	3185	0
1122	3079	0
1503	3148	0
5	2081	0
243	2701	0
319	2565	0
1090	3066	0
62	2439	0
240	2696	0
739	2182	0
1772	3138	0
100	2362	0
955	2316	0
477	2851	0
569	2340	0
1242	2805	0
34	2167	0
301	2249	0
15	2235	0
167	2621	0
1990	3306	0
972	2218	0
1612	2133	0
711	2301	0
2035	3279	0
612	2460	0
600	2683	0
1062	3003	0
1088	2964	0
966	2471	0
50	2403	0
1169	2286	0
781	2984	0
1002	2485	0
1840	3303	0
1145	3091	0
1798	2621	0
659	2947	0
1063	2902	0
1988	2920	0
479	2494	0
1778	2547	0
333	2760	0
1431	2537	0
44	2377	0
38	2356	0
25	2291	0
254	2165	0
757	2969	0
1536	3099	0
1129	3083	0
353	2774	0
124	2443	0
1204	2836	0
574	2170	0
1851	2947	0
457	2748	0
476	2118	0
1751	3243	0
2005	3196	0
1390	2304	0
1540	2549	0
349	2561	0
40	2361	0
804	2991	0
1841	3306	0
35	2344	0
8	2150	0
415	2250	0
1271	3118	0
1683	3129	0
1124	3029	0
1423	3143	0
147	2352	0
11	2201	0
952	2272	0
839	2911	0
1839	3260	0
618	2328	0
1729	3082	0
1413	3095	0
258	2713	0
132	2310	0
1911	2201	0
6	2112	0
1282	3121	0
909	3018	0
678	2956	0
720	2477	0
596	2914	0
1069	2246	0
696	2067	0
512	2418	0
184	2642	0
1892	3295	0
182	2339	0
1187	3104	0
17	2243	0
408	2818	0
4	2090	0
1572	3047	0
1472	3180	0
857	2630	0
1389	2547	0
500	2869	0
1913	2201	0
1806	3044	0
1853	3275	0
215	2383	0
1042	2276	0
1087	2522	0
1035	2587	0
470	2726	0
1810	2103	0
1741	2316	0
58	2420	0
1089	2133	0
711	2955	0
648	2379	0
48	2351	0
285	2547	0
1089	3074	0
1036	2487	0
243	2700	0
1495	2906	0
190	2249	0
366	2384	0
236	2585	0
1299	2967	0
1642	2133	0
666	2207	0
294	2327	0
1478	2806	0
1591	3207	0
1474	3182	0
1913	2194	0
144	2604	0
90	3314	0
1287	2666	0
762	2256	0
1931	2266	0
1006	2296	0
8	2171	0
256	2710	0
9	2153	0
557	2255	0
1668	2959	0
2054	3299	0
945	2272	0
2019	3277	0
2053	2851	0
326	2339	0
176	2117	0
801	2290	0
1564	3156	0
736	2972	0
13	2212	0
26	2299	0
603	2504	0
4	2100	0
1297	2627	0
1383	3157	0
7	2137	0
268	2250	0
347	2733	0
18	2116	0
1559	3161	0
513	2219	0
185	2178	0
1953	3313	0
241	2699	0
1551	3041	0
1396	2547	0
921	2144	0
892	2926	0
188	2495	0
265	2718	0
1883	3289	0
1252	2990	0
178	2590	0
1724	3125	0
805	2992	0
554	2608	0
797	2588	0
1747	3116	0
9	2164	0
7	2127	0
20	2267	0
220	2538	0
1932	3298	0
308	2451	0
3	2071	0
57	2394	0
1276	3000	0
714	2963	0
719	2602	0
15	2227	0
1093	3075	0
451	2165	0
1950	3314	0
1931	3269	0
29	2320	0
1875	3285	0
729	2528	0
976	2093	0
20	2266	0
90	2506	0
1160	2741	0
596	2843	0
575	2236	0
39	2357	0
544	2897	0
1128	3081	0
1112	2363	0
1746	2495	0
100	2108	0
38	2355	0
45	2383	0
190	2537	0
1922	2201	0
1879	3289	0
27	2192	0
2020	3279	0
1586	2873	0
1357	2646	0
1237	2085	0
1269	2528	0
1515	2304	0
203	2536	0
1710	3212	0
60	2428	0
1410	3163	0
83	2489	0
70	2460	0
785	2180	0
17	2244	0
1583	2992	0
283	2666	0
47	2391	0
1444	3169	0
43	2372	0
17	2226	0
498	2814	0
1931	3296	0
19	2182	0
577	2691	0
1620	2133	0
1226	2602	0
1221	2124	0
1890	3293	0
4	2089	0
1464	3178	0
452	2838	0
498	2866	0
200	2160	0
316	2575	0
700	2961	0
926	2238	0
388	2622	0
531	2309	0
322	2244	0
148	2161	0
1990	3304	0
1314	2214	0
62	2435	0
176	2155	0
1191	3106	0
645	2247	0
1989	2946	0
730	2968	0
1868	2851	0
602	2454	0
340	2765	0
913	3019	0
588	2911	0
259	2492	0
239	2692	0
1872	3277	0
1152	2504	0
1849	3268	0
626	2145	0
1958	2069	0
1117	2351	0
1558	2702	0
1857	3282	0
1226	2099	0
1843	3264	0
2026	3279	0
852	2661	0
960	2144	0
125	2568	0
1663	3149	0
735	2970	0
1043	2274	0
6	2114	0
2028	3281	0
1414	2540	0
129	2577	0
850	2659	0
1997	2972	0
5	2101	0
1669	2471	0
1559	3160	0
4	2106	0
812	2518	0
45	2380	0
1931	3266	0
868	2447	0
217	2214	0
1470	2598	0
447	2841	0
1075	3062	0
905	2405	0
303	2741	0
67	2419	0
287	2729	0
1105	3055	0
1873	3281	0
1182	2080	0
139	2570	0
51	2200	0
1384	3157	0
645	2539	0
1569	3050	0
9	2148	0
15	2226	0
257	2192	0
204	2489	0
987	2439	0
110	2187	0
616	2237	0
109	2153	0
453	2843	0
930	2179	0
106	2355	0
8	2151	0
454	2504	0
1580	2352	0
770	2349	0
1479	2806	0
1376	2329	0
1278	2945	0
595	2206	0
621	2530	0
20	2277	0
1113	2961	0
224	2349	0
4	2079	0
965	3028	0
1203	2426	0
343	2531	0
1956	3271	0
177	2141	0
104	3297	0
359	2776	0
1939	3262	0
534	2269	0
571	2295	0
69	2136	0
586	2559	0
1698	2384	0
266	2388	0
122	2120	0
25	2134	0
874	2364	0
888	2883	0
9	2168	0
1964	2503	0
1132	3029	0
803	2990	0
223	2504	0
1672	2087	0
1484	3183	0
1617	3219	0
2041	3289	0
946	2263	0
377	2647	0
513	2632	0
1188	3104	0
1579	2352	0
1167	2090	0
913	2591	0
133	2200	0
1860	3279	0
997	3032	0
54	2204	0
1031	2273	0
415	2824	0
2003	3164	0
1225	2067	0
182	2464	0
1182	2593	0
169	2414	0
928	2146	0
1578	2352	0
1238	2525	0
1816	2876	0
234	2319	0
1534	2276	0
67	2446	0
1292	2586	0
11	2601	0
14	2114	0
358	2244	0
111	2552	0
362	2777	0
688	2145	0
1595	3128	0
894	3017	0
1811	2186	0
1373	3151	0
205	2663	0
399	2812	0
706	2559	0
55	2413	0
29	2321	0
1923	3302	0
71	2465	0
99	2250	0
1134	2895	0
365	2780	0
18	2255	0
1227	2602	0
953	2872	0
492	2219	0
125	2346	0
58	2419	0
590	2505	0
883	3014	0
348	2242	0
1871	2852	0
906	2526	0
100	2361	0
11	2197	0
625	2212	0
20	2280	0
8	2156	0
568	2254	0
171	2624	0
27	2306	0
879	2182	0
299	2593	0
1732	2085	0
389	2755	0
102	2531	0
1726	3088	0
222	2678	0
962	3032	0
684	2937	0
1633	3209	0
1996	2971	0
1438	3165	0
710	2962	0
1392	2547	0
1610	3215	0
1547	2261	0
211	2455	0
589	2494	0
2062	3314	0
4	2105	0
125	2413	0
183	2640	0
6	2109	0
4	2080	0
1623	3222	0
263	2507	0
1865	3277	0
99	2524	0
64	2442	0
1120	2290	0
456	2841	0
1933	3295	0
982	2895	0
1711	3169	0
316	2456	0
35	2115	0
1851	3272	0
1172	2593	0
1450	2612	0
108	2544	0
1947	3313	0
1	2067	0
2043	2702	0
620	2695	0
8	2130	0
997	2670	0
1537	2277	0
4	2101	0
811	2294	0
58	2417	0
1290	2627	0
1128	3083	0
1649	3229	0
520	2083	0
206	2660	0
782	2661	0
322	2247	0
26	2227	0
1781	2510	0
1132	3087	0
1884	3274	0
293	2733	0
80	2110	0
154	2237	0
505	2339	0
218	2675	0
1235	2096	0
131	2583	0
1990	3262	0
5	2087	0
1293	2627	0
41	2366	0
1364	3146	0
209	2667	0
193	2651	0
1585	3206	0
513	2879	0
148	2439	0
379	2536	0
243	2455	0
57	2415	0
495	2329	0
258	2451	0
323	2153	0
34	2151	0
736	2772	0
1763	3247	0
113	2100	0
1421	2304	0
867	2868	0
592	2913	0
1433	3167	0
295	2574	0
183	2529	0
1015	2307	0
1990	2447	0
260	2166	0
682	2221	0
423	2738	0
963	3036	0
838	3005	0
4	2078	0
1480	2304	0
1894	3296	0
744	2299	0
1927	3262	0
58	2421	0
570	2518	0
1036	2312	0
564	2403	0
1433	2537	0
895	2525	0
12	2207	0
56	2305	0
270	2382	0
34	2342	0
31	3309	0
1893	3293	0
531	2201	0
1781	2279	0
40	2104	0
783	2067	0
1887	2948	0
1004	2472	0
764	2066	0
1	2066	0
49	2335	0
1937	3276	0
1855	3277	0
4	2084	0
1976	2682	0
1234	2201	0
921	2246	0
104	2534	0
290	2213	0
635	2226	0
865	2216	0
434	2833	0
2037	3279	0
728	2086	0
325	2495	0
6	2113	0
1971	2627	0
1117	2400	0
1348	3141	0
1019	2310	0
1854	3276	0
405	2152	0
68	2448	0
1081	3067	0
286	2207	0
958	2873	0
1618	3220	0
1121	3079	0
106	2459	0
129	2578	0
1407	2328	0
506	2874	0
159	2611	0
751	2979	0
1644	2952	0
377	2494	0
1505	2304	0
311	2082	0
1599	3211	0
824	2816	0
1891	3293	0
772	2981	0
1935	3260	0
854	2357	0
649	2939	0
1082	3067	0
240	2695	0
252	2210	0
1455	2304	0
1656	2547	0
372	2301	0
1137	2237	0
85	2494	0
1700	2384	0
2027	3279	0
677	2304	0
1462	3177	0
102	2530	0
1507	3188	0
1615	3218	0
44	2376	0
1177	3100	0
1065	2099	0
715	2176	0
963	3033	0
5	2092	0
1343	3136	0
1297	2484	0
1412	2875	0
344	2768	0
1932	3293	0
14	2222	0
15	2239	0
660	2846	0
76	2473	0
1219	3017	0
791	2635	0
1470	3182	0
205	2662	0
808	2067	0
913	2731	0
564	2908	0
1658	3230	0
770	2350	0
1257	3114	0
1180	2760	0
82	2485	0
509	2776	0
1053	2237	0
456	2474	0
8	2154	0
842	2799	0
75	2463	0
1531	2383	0
381	2793	0
1704	3191	0
462	2847	0
8	2168	0
69	2413	0
18	2257	0
4	2083	0
320	2751	0
1207	3109	0
1819	2280	0
78	2476	0
174	2504	0
207	2583	0
701	2538	0
1131	3086	0
222	2680	0
877	2157	0
498	2865	0
449	2134	0
1836	3259	0
73	2470	0
853	2067	0
68	2409	0
17	2246	0
944	2880	0
690	2250	0
31	2304	0
951	3025	0
1445	3152	0
1930	2306	0
298	2300	0
531	2271	0
5	2106	0
121	2449	0
68	2450	0
437	2614	0
62	2436	0
670	2121	0
676	2901	0
1246	2866	0
86	2428	0
5	2082	0
1856	3279	0
40	2364	0
42	2368	0
1099	2327	0
906	2527	0
17	2242	0
1892	3293	0
1912	3299	0
25	2293	0
1625	3223	0
301	2531	0
105	2289	0
1354	3144	0
996	2509	0
655	2944	0
1360	2098	0
295	2392	0
1193	2764	0
1530	3193	0
530	2266	0
1801	2898	0
36	2348	0
669	2342	0
174	2630	0
15	2237	0
150	2580	0
560	2904	0
1814	3019	0
1780	2779	0
1292	2311	0
106	2538	0
913	2976	0
294	2547	0
1528	3172	0
886	2867	0
290	2719	0
1931	3272	0
433	2833	0
148	2511	0
1065	2102	0
967	2310	0
152	2898	0
443	2591	0
1695	3237	0
108	2459	0
7	2131	0
42	2335	0
1429	3166	0
1032	2278	0
723	2517	0
66	2138	0
1944	3311	0
1366	2547	0
61	2430	0
1868	3300	0
966	2087	0
55	2411	0
1379	2915	0
279	2697	0
1343	3135	0
1148	3092	0
609	2919	0
1294	2201	0
27	2310	0
1459	3176	0
1953	3312	0
126	2501	0
1293	2586	0
491	2860	0
14	2220	0
328	2756	0
52	2404	0
1125	3027	0
5	2093	0
288	2442	0
1961	2301	0
163	2551	0
32	2334	0
72	2451	0
656	2921	0
216	2673	0
697	2119	0
1034	2627	0
1641	2133	0
169	2626	0
5	2075	0
1972	3274	0
1440	2936	0
480	2855	0
242	2513	0
1066	2085	0
1316	2097	0
658	2181	0
1156	2561	0
174	2327	0
55	2244	0
85	2495	0
1447	3171	0
881	2568	0
1372	3151	0
1	3024	0
144	2603	0
62	2161	0
19	2185	0
4	2095	0
109	2546	0
1884	3289	0
1240	2096	0
1183	2080	0
1346	3138	0
5	2076	0
76	2338	0
329	2445	0
369	2203	0
1493	2206	0
607	2562	0
1154	3094	0
809	2995	0
52	2405	0
1603	3212	0
1374	2471	0
1812	2100	0
625	2136	0
2000	3056	0
358	2251	0
1365	3147	0
107	2431	0
860	3005	0
1926	3304	0
1642	3228	0
217	2506	0
923	2425	0
179	2636	0
211	2669	0
297	2737	0
43	2370	0
528	2893	0
1828	2932	0
1766	3225	0
383	2796	0
995	2294	0
292	2616	0
812	2167	0
242	2435	0
46	2253	0
174	2634	0
105	2535	0
1285	2167	0
1531	2377	0
786	2985	0
134	2515	0
773	2976	0
416	2553	0
331	2759	0
1885	2266	0
1949	2146	0
212	2140	0
1666	3233	0
531	2627	0
780	2715	0
1109	2095	0
495	2360	0
69	2457	0
13	2216	0
639	2933	0
1864	3277	0
1595	2133	0
1184	2384	0
1117	2933	0
697	2943	0
259	2489	0
219	2676	0
1208	2544	0
17	2245	0
563	2527	0
1755	2084	0
1744	3077	0
1928	3306	0
988	2472	0
903	2850	0
1488	2304	0
685	2087	0
500	2870	0
1368	3148	0
1205	2067	0
70	2410	0
135	2075	0
473	2666	0
1531	2625	0
1858	3277	0
247	2459	0
1766	3248	0
1764	3226	0
957	2976	0
712	2106	0
1270	2985	0
1640	3228	0
1930	3291	0
853	2423	0
1071	3059	0
1457	3175	0
1734	2096	0
34	2163	0
1862	3280	0
134	2108	0
546	2536	0
25	2155	0
61	2431	0
1086	3070	0
1909	3277	0
126	2547	0
1533	2143	0
1289	2333	0
1033	2485	0
1254	2491	0
131	2465	0
1660	3231	0
141	2314	0
62	2438	0
921	3021	0
509	2429	0
665	2953	0
4	2074	0
906	2530	0
1074	3060	0
1756	3111	0
830	2169	0
1426	2675	0
1877	3285	0
59	2257	0
1417	3118	0
1055	3052	0
1991	2447	0
7	2128	0
11	3264	0
478	2807	0
1063	3057	0
488	2859	0
1684	3159	0
1614	3218	0
885	2858	0
1878	3285	0
1424	3018	0
15	2228	0
1930	3300	0
241	2697	0
256	2238	0
1152	2786	0
502	2872	0
1158	2547	0
120	2559	0
55	2414	0
93	2213	0
741	2653	0
1679	3235	0
1931	3287	0
5	2086	0
5	2091	0
29	2319	0
1589	2339	0
957	2686	0
81	2296	0
73	2462	0
598	2123	0
854	2671	0
1803	3254	0
746	2976	0
79	2110	0
991	3038	0
409	2499	0
1178	3102	0
799	2147	0
400	2813	0
1731	2085	0
1847	3267	0
501	2202	0
9	2183	0
19	2260	0
700	2960	0
1439	2172	0
92	2233	0
1195	2403	0
8	2170	0
170	2480	0
11	2199	0
576	2498	0
2013	3271	0
2001	3059	0
208	2666	0
1738	2432	0
1590	3207	0
244	2532	0
1192	3106	0
1539	2549	0
1375	3152	0
1127	3081	0
821	3000	0
896	2525	0
44	2375	0
29	2313	0
86	2497	0
1929	3301	0
7	2133	0
1419	3035	0
9	2176	0
190	2649	0
924	2547	0
913	2686	0
428	2123	0
76	2119	0
96	2114	0
1552	3200	0
1293	2482	0
316	2452	0
7	2146	0
1688	2661	0
523	2878	0
230	2496	0
1847	3268	0
15	2225	0
331	2758	0
1665	3149	0
341	2744	0
200	2428	0
221	2356	0
1994	2956	0
1085	3071	0
1919	3260	0
773	2982	0
162	2299	0
1213	2067	0
2048	3297	0
15	2234	0
477	2853	0
1060	3055	0
81	2303	0
1926	3303	0
842	3007	0
1098	2735	0
114	2244	0
1202	2326	0
41	2224	0
96	2113	0
608	2384	0
672	2290	0
4	2103	0
426	2765	0
2061	3313	0
72	2351	0
1612	3216	0
138	2593	0
1349	3136	0
67	2447	0
506	2876	0
44	2374	0
185	2174	0
536	2652	0
488	2560	0
232	2084	0
9	2184	0
1481	2304	0
1923	2440	0
116	2554	0
611	2423	0
1118	2201	0
1091	2922	0
1959	2261	0
1544	3195	0
955	2332	0
40	2102	0
649	2940	0
34	2154	0
1212	2255	0
1417	3026	0
1802	3254	0
175	2121	0
1514	2304	0
990	2588	0
1671	3037	0
1789	3253	0
1416	2323	0
1794	2957	0
633	2907	0
1072	2385	0
524	2193	0
957	2591	0
268	2680	0
1	2065	0
1284	2167	0
646	2119	0
207	2664	0
1914	2505	0
1395	2547	0
1261	2966	0
1931	3270	0
1382	2161	0
206	2661	0
56	2123	0
516	2526	0
194	2293	0
1987	2206	0
63	2408	0
342	2766	0
129	2581	0
199	2542	0
932	3009	0
1173	3099	0
2030	3282	0
1059	3054	0
401	2610	0
405	2815	0
1199	3108	0
21	3056	0
1110	2376	0
434	2834	0
1861	3281	0
64	2441	0
490	2745	0
373	2304	0
59	2232	0
1493	2358	0
96	2220	0
1977	2507	0
619	2922	0
1223	2210	0
1853	3287	0
1882	3285	0
123	2248	0
2044	3296	0
863	3009	0
195	2326	0
1560	3162	0
1348	3140	0
78	2711	0
846	2480	0
158	2520	0
206	2663	0
1267	2296	0
381	2794	0
1288	2649	0
392	2804	0
1207	2545	0
5	2090	0
262	2467	0
247	2539	0
288	2730	0
9	2179	0
1936	3281	0
132	2587	0
652	2942	0
1172	3096	0
890	2830	0
1356	2133	0
1217	3110	0
1857	3277	0
792	2168	0
5	2085	0
1497	3185	0
653	2067	0
729	2346	0
558	2699	0
24	2290	0
1275	2740	0
1258	3116	0
1846	3267	0
352	2159	0
1531	2372	0
1555	3199	0
1504	3148	0
1948	2331	0
343	2700	0
1624	3174	0
952	2420	0
68	2451	0
102	2529	0
1432	2537	0
106	2539	0
1908	3271	0
448	2359	0
303	2515	0
1990	3303	0
2056	3308	0
1643	2952	0
1060	2829	0
19	2259	0
13	2213	0
248	2705	0
754	2930	0
1061	3046	0
1911	2851	0
1714	2099	0
1083	3070	0
63	2192	0
1937	3271	0
1189	3105	0
42	2156	0
1174	3098	0
27	2307	0
559	2791	0
150	2577	0
1568	3203	0
1478	3123	0
12	2206	0
1160	2618	0
1476	3117	0
1860	3277	0
249	2441	0
1130	3085	0
162	2110	0
354	2690	0
525	2164	0
1344	3135	0
605	2237	0
494	2381	0
1321	3126	0
69	2452	0
4	2086	0
270	2721	0
1845	3266	0
1854	3277	0
132	2588	0
176	2635	0
840	3006	0
1619	2133	0
1834	3257	0
661	2707	0
217	2140	0
1648	3229	0
1770	3249	0
28	2321	0
159	2072	0
1499	3186	0
513	2316	0
171	2628	0
4	2097	0
66	2259	0
294	2734	0
975	2472	0
942	2181	0
498	2815	0
135	2228	0
171	2377	0
1388	3158	0
70	2458	0
289	2731	0
37	2349	0
89	2503	0
1492	2358	0
17	2253	0
4	2087	0
1726	3089	0
1760	3245	0
1932	3279	0
30	2326	0
481	2849	0
814	2998	0
234	2318	0
658	2185	0
99	2522	0
1604	2604	0
1243	2831	0
26	2297	0
26	2298	0
1351	3142	0
659	2949	0
591	2808	0
385	2497	0
48	2397	0
23	2166	0
931	2991	0
27	2312	0
1949	2331	0
2	2068	0
1685	2547	0
1278	2160	0
343	2250	0
346	2262	0
1125	3080	0
15	2233	0
1175	3097	0
1471	3179	0
166	2619	0
63	2440	0
876	3011	0
59	2121	0
161	2614	0
1370	3149	0
1529	2563	0
439	2836	0
501	2308	0
250	2708	0
399	2811	0
360	2758	0
294	2631	0
19	2186	0
1943	3311	0
547	2385	0
2022	3278	0
214	2393	0
1916	2440	0
431	2832	0
132	2585	0
502	2266	0
647	2241	0
1022	2851	0
10	2194	0
2011	3269	0
1636	2141	0
172	2629	0
1569	3204	0
345	2769	0
1325	3129	0
921	2217	0
394	2380	0
26	2304	0
943	3017	0
187	2611	0
746	2975	0
43	2373	0
1588	2364	0
1826	2171	0
589	2912	0
1212	2121	0
49	2402	0
2052	3298	0
1670	2471	0
1694	3237	0
912	2968	0
1153	2939	0
145	2351	0
1209	2545	0
529	2874	0
67	2193	0
22	2282	0
109	2341	0
6	2125	0
332	2073	0
1350	2141	0
540	2304	0
1230	3112	0
1467	3179	0
1020	3043	0
112	2155	0
932	2763	0
166	2253	0
957	3019	0
20	2273	0
4	2081	0
1417	2893	0
787	2504	0
240	2694	0
889	3015	0
1863	3281	0
54	2198	0
1375	2469	0
935	2527	0
1323	3128	0
216	2138	0
7	2126	0
1942	3310	0
854	2722	0
4	2104	0
1181	3101	0
1694	3189	0
1611	2133	0
1201	3107	0
1640	3227	0
767	2754	0
1868	2201	0
539	2123	0
106	2537	0
1086	3071	0
1930	3289	0
1924	3303	0
69	2453	0
1815	2102	0
338	2319	0
516	2413	0
346	2122	0
796	2845	0
214	2395	0
907	2661	0
35	2233	0
20	2270	0
1404	2328	0
2	2069	0
96	2473	0
2049	3271	0
1013	3022	0
1483	3183	0
883	2407	0
26	2296	0
44	2341	0
1624	3147	0
1315	2279	0
883	2502	0
1808	2105	0
1091	2923	0
1155	3094	0
1931	3257	0
1449	2639	0
1862	3277	0
1379	3156	0
1696	2621	0
165	2617	0
1834	2265	0
2050	3297	0
154	2067	0
1978	2747	0
1159	2547	0
28	2318	0
957	2229	0
1687	2661	0
47	2392	0
1105	2718	0
891	3016	0
1719	2078	0
1321	2527	0
1917	2201	0
17	2252	0
1337	3131	0
832	3002	0
69	2456	0
1979	2764	0
174	2219	0
1970	2627	0
1198	2326	0
638	2250	0
1307	2990	0
1850	2306	0
604	2917	0
1688	3236	0
284	2727	0
709	2142	0
1804	3195	0
980	2826	0
33	2339	0
1753	3244	0
704	2320	0
1654	3142	0
1251	2525	0
41	2365	0
494	2153	0
449	2209	0
42	2210	0
717	2965	0
1605	2604	0
522	2885	0
1833	2957	0
1809	2186	0
1867	3277	0
1842	3263	0
5	2105	0
14	2131	0
59	2422	0
154	2607	0
1694	3190	0
149	2489	0
1297	2311	0
176	2432	0
1532	2143	0
14	2132	0
1938	3261	0
346	2508	0
1232	2547	0
144	2602	0
1359	2098	0
211	2670	0
563	2907	0
272	2142	0
1334	2819	0
1639	3227	0
1817	2102	0
1501	2304	0
37	2350	0
1215	2108	0
1984	2827	0
185	2532	0
971	3039	0
1575	2177	0
215	2380	0
1191	3107	0
962	2568	0
1693	2796	0
66	2121	0
59	2425	0
335	2762	0
963	2767	0
152	2606	0
72	2391	0
406	2808	0
1427	2962	0
92	2512	0
794	2989	0
60	2160	0
1930	3290	0
1458	3176	0
777	2424	0
659	2447	0
1813	3019	0
208	2567	0
531	2851	0
1436	2351	0
53	2259	0
144	2251	0
1735	2085	0
8	2166	0
1617	3220	0
160	2612	0
5	2097	0
526	2889	0
357	2240	0
1522	2304	0
1263	2118	0
875	2299	0
855	2768	0
1864	3279	0
1627	3146	0
30	2297	0
240	2693	0
1948	3313	0
1229	3112	0
82	2480	0
745	2344	0
1733	2096	0
37	2351	0
1498	3186	0
1653	3142	0
38	2353	0
1135	3086	0
7	2144	0
511	2878	0
110	2275	0
1852	3274	0
351	2396	0
262	2716	0
1925	3303	0
1051	2869	0
827	2348	0
106	2528	0
750	2576	0
153	2201	0
7	2145	0
1850	3271	0
1876	3289	0
1824	2104	0
1135	3004	0
1075	3063	0
22	2281	0
411	2822	0
194	2655	0
724	2256	0
2042	3274	0
1176	3100	0
708	2495	0
39	2290	0
561	2602	0
1442	2912	0
1218	3110	0
216	2672	0
424	2341	0
291	2724	0
453	2790	0
28	2317	0
1479	3123	0
787	2987	0
1900	3271	0
1111	3078	0
884	2509	0
77	2162	0
276	2723	0
1995	2965	0
324	2306	0
1524	2720	0
1600	3211	0
1222	2067	0
460	2846	0
463	2180	0
845	2137	0
1792	2714	0
223	2682	0
268	2678	0
1866	3277	0
581	2378	0
977	3013	0
5	2084	0
957	2430	0
1672	2471	0
1840	3262	0
1244	3113	0
123	2332	0
29	2316	0
679	2957	0
1895	3296	0
851	2321	0
1076	3062	0
1857	3275	0
1119	2201	0
1245	3113	0
877	2516	0
6	2120	0
1554	2455	0
621	2538	0
227	2683	0
639	2934	0
1661	3232	0
212	2656	0
1931	3283	0
1005	2107	0
698	2386	0
343	2670	0
443	2362	0
109	2374	0
1116	2177	0
17	2248	0
1126	2895	0
370	2743	0
473	2810	0
1276	3119	0
773	2635	0
281	2412	0
1933	3296	0
384	2769	0
824	2425	0
382	2795	0
1288	2648	0
527	2887	0
8	2165	0
1203	2647	0
20	2276	0
30	2325	0
837	2655	0
199	2259	0
259	2714	0
428	2153	0
1874	2851	0
929	2585	0
1247	2974	0
34	2152	0
349	2504	0
58	2418	0
737	2864	0
1162	2298	0
166	2133	0
659	2950	0
1107	2547	0
1342	2098	0
174	2631	0
1897	3296	0
1258	3115	0
947	2306	0
238	2690	0
4	2092	0
1807	2118	0
1944	2201	0
1706	2070	0
1827	2105	0
596	2328	0
1190	3105	0
9	2185	0
2	2070	0
13	2208	0
383	2679	0
38	2774	0
194	2368	0
963	2892	0
106	2403	0
1982	2784	0
52	2080	0
123	2565	0
1026	2268	0
714	2133	0
104	3267	0
27	2311	0
687	2236	0
933	2952	0
322	2250	0
1078	3064	0
1857	3280	0
923	2854	0
1117	2713	0
131	2584	0
1127	3082	0
253	2155	0
4	2096	0
1068	2095	0
322	2243	0
1630	3173	0
1001	2270	0
1377	2084	0
1256	2421	0
166	2259	0
455	2386	0
1651	3150	0
1338	3132	0
514	2880	0
54	2398	0
1486	2304	0
1406	2830	0
1932	3288	0
20	2265	0
374	2786	0
813	2293	0
59	2298	0
1426	3165	0
1550	2564	0
1089	3073	0
1194	2908	0
97	2151	0
2064	2505	0
8	2159	0
1993	2954	0
528	2892	0
1742	2316	0
222	2677	0
8	2155	0
1108	2085	0
1178	2593	0
269	2637	0
15	2236	0
624	2088	0
425	2717	0
16	2076	0
36	2347	0
46	2127	0
829	3001	0
196	2331	0
1219	2108	0
1826	2172	0
1566	3202	0
87	2432	0
1681	2345	0
1609	3214	0
878	2734	0
1120	2357	0
567	2621	0
634	2930	0
748	2978	0
780	2716	0
779	2659	0
1056	2684	0
490	2746	0
597	2915	0
217	2674	0
31	3311	0
82	2483	0
1689	3013	0
643	2927	0
859	2292	0
492	2862	0
1371	2141	0
587	2259	0
1351	3143	0
233	2686	0
399	2537	0
72	2450	0
1405	2968	0
1841	2757	0
37	2109	0
335	2581	0
219	2203	0
1687	3236	0
1441	2556	0
1492	2206	0
1511	2304	0
422	2828	0
923	3016	0
241	2698	0
4	2093	0
374	2788	0
1664	3149	0
95	2516	0
1786	2096	0
72	2466	0
1678	3235	0
492	2861	0
1918	3277	0
340	2687	0
1582	2352	0
90	2509	0
59	2423	0
823	2709	0
1069	2529	0
1876	3274	0
1793	3252	0
468	2469	0
713	2250	0
1882	3289	0
276	2206	0
92	2513	0
1129	2433	0
1986	2909	0
499	2867	0
780	2983	0
1878	3289	0
1136	3085	0
145	2584	0
20	2269	0
1076	2133	0
151	2206	0
1113	2237	0
10	2191	0
1931	3294	0
1903	3297	0
199	2657	0
1248	2974	0
1859	3277	0
48	2393	0
353	2526	0
1149	2861	0
1679	2469	0
19	2179	0
949	2774	0
243	2251	0
911	2215	0
71	2462	0
1121	3010	0
726	2209	0
174	2403	0
1713	3159	0
1509	2304	0
492	2504	0
675	2301	0
606	2775	0
673	2638	0
1446	3171	0
1391	2547	0
379	2791	0
1407	3160	0
1913	3300	0
88	2501	0
8	2067	0
193	2653	0
326	2754	0
1709	2803	0
9	2116	0
1111	3017	0
378	2790	0
1378	3155	0
1057	2561	0
70	2459	0
48	2396	0
1830	3256	0
1298	2547	0
92	2234	0
940	2568	0
1571	2257	0
523	2886	0
1007	3025	0
1875	2851	0
823	2710	0
206	2662	0
28	2324	0
1875	3284	0
1676	3234	0
234	2688	0
872	2525	0
1048	3048	0
1186	2239	0
11	2622	0
790	2164	0
1294	2311	0
1022	2627	0
1261	2978	0
324	2307	0
530	2215	0
66	2180	0
1046	3047	0
7	2143	0
566	2900	0
915	3020	0
464	2543	0
56	2330	0
722	2370	0
968	2146	0
125	2455	0
689	2363	0
20	2263	0
419	2826	0
361	2267	0
123	2560	0
1775	2547	0
243	2626	0
231	2411	0
320	2752	0
915	2857	0
22	2284	0
1334	2403	0
1692	2796	0
800	2437	0
280	2133	0
1899	3293	0
256	2511	0
33	2338	0
1134	3087	0
408	2819	0
1839	3261	0
1265	2067	0
1456	3173	0
354	2162	0
1148	3053	0
1293	2311	0
6	2110	0
1143	2940	0
651	2070	0
1774	3250	0
1835	3258	0
1029	2571	0
376	2343	0
1770	3138	0
868	2419	0
20	2278	0
1890	3294	0
679	2089	0
1561	3201	0
305	2670	0
147	2162	0
35	2345	0
1526	3191	0
13	2217	0
108	2539	0
734	2969	0
732	2817	0
1032	2548	0
1045	3046	0
434	2480	0
136	2554	0
363	2705	0
1353	3144	0
669	2167	0
1959	2636	0
20	2275	0
5	2080	0
1052	2820	0
632	2475	0
1844	3264	0
1181	2080	0
46	2387	0
1883	3284	0
1691	2796	0
251	2173	0
826	2373	0
396	2806	0
1912	2571	0
689	2437	0
959	3030	0
8	2164	0
233	2085	0
978	3040	0
1809	2101	0
102	2246	0
1646	3159	0
725	2137	0
25	2209	0
5	2078	0
1573	2379	0
1278	2944	0
1492	2205	0
658	2946	0
67	2265	0
603	2916	0
619	2923	0
450	2209	0
913	2243	0
380	2792	0
861	2968	0
294	2736	0
9	2186	0
1281	3121	0
30	2327	0
1166	2090	0
1866	3279	0
1460	2973	0
1776	2547	0
864	2756	0
1618	3221	0
935	2246	0
938	3022	0
1861	3282	0
722	2326	0
1631	3208	0
98	2081	0
6	2102	0
1498	2304	0
786	2670	0
1829	3255	0
1954	3309	0
143	2208	0
208	2389	0
993	2094	0
668	2557	0
594	2195	0
1574	3049	0
243	2702	0
664	2952	0
1637	3226	0
2031	3281	0
265	2320	0
1122	2870	0
1868	2627	0
551	2900	0
1084	2133	0
425	2327	0
848	2270	0
83	2492	0
20	2271	0
1372	3150	0
769	2327	0
294	2735	0
1409	3161	0
982	3041	0
2019	3279	0
482	2657	0
54	2406	0
1774	3245	0
1730	2492	0
809	2996	0
1167	2185	0
531	2482	0
113	2514	0
257	2711	0
449	2171	0
170	2366	0
1966	2536	0
1088	3063	0
5	2107	0
1765	3226	0
1214	3078	0
20	2268	0
1094	2504	0
630	2928	0
636	2932	0
1795	3241	0
259	2491	0
1445	3170	0
17	2250	0
1201	2326	0
615	2921	0
677	2067	0
1037	2852	0
37	2352	0
1937	3282	0
1142	2916	0
1551	3200	0
93	2317	0
1933	3307	0
1721	3194	0
613	2739	0
26	2067	0
121	2448	0
1097	2403	0
1058	3054	0
1170	3007	0
2051	3277	0
963	3034	0
623	2085	0
48	2395	0
1092	3075	0
248	2707	0
1345	2304	0
683	2561	0
343	2529	0
778	2691	0
1164	2153	0
2014	3272	0
3	2072	0
1056	2970	0
110	2550	0
119	2558	0
381	2785	0
180	2442	0
1154	2561	0
24	2288	0
5	2096	0
215	2671	0
1716	2534	0
405	2814	0
1185	2080	0
1870	3288	0
691	2084	0
359	2432	0
117	2401	0
1216	2067	0
634	2235	0
831	2877	0
73	2467	0
2033	3281	0
736	2971	0
1761	3245	0
170	2122	0
956	2873	0
91	2162	0
403	2574	0
1008	2306	0
1401	2304	0
1690	2898	0
486	2762	0
705	2345	0
139	2594	0
961	3031	0
1224	2210	0
140	2160	0
11	2582	0
807	2818	0
200	2658	0
53	2231	0
1875	2627	0
1079	3065	0
1110	2752	0
317	2747	0
608	2781	0
579	2287	0
1664	2593	0
173	2351	0
55	2412	0
314	2744	0
1183	2593	0
1317	2097	0
636	2931	0
1547	2983	0
128	2202	0
535	2896	0
337	2318	0
76	2261	0
1889	3291	0
206	2364	0
1969	2773	0
1750	3242	0
1782	2510	0
1139	3084	0
1712	3159	0
622	2121	0
1530	3194	0
26	2305	0
890	2166	0
29	2322	0
541	2124	0
513	2332	0
1279	2168	0
384	2084	0
112	2368	0
110	2547	0
1870	2851	0
1931	3308	0
1221	3111	0
1874	3285	0
104	2533	0
1009	2294	0
246	2703	0
1226	2604	0
504	2366	0
2006	3197	0
984	2472	0
343	2701	0
1916	2203	0
1868	3286	0
1619	3221	0
1380	3023	0
27	2309	0
11	2202	0
391	2803	0
1090	3073	0
1367	3139	0
1927	3305	0
1175	2080	0
1339	3131	0
28	2314	0
31	2315	0
645	2460	0
1616	2133	0
1565	3202	0
98	2519	0
1502	2304	0
966	3037	0
294	2403	0
19	2181	0
9	2178	0
1968	2547	0
1277	3119	0
1714	2104	0
1231	2574	0
49	2401	0
871	2928	0
1854	3278	0
1596	3209	0
1934	2948	0
90	2505	0
1469	3181	0
231	2685	0
913	2430	0
118	2555	0
1671	2163	0
1397	3137	0
82	2486	0
471	2850	0
517	2664	0
