1	-1
2	-1
3	-1
4	-1e+05
5	-1e+05
6	-1e+05
7	-1
8	-1e+05
9	-1
10	-1
11	-1e+05
12	-1
13	-1
14	-1
15	-1e+05
16	-1
17	-1
18	-1e+05
19	-1e+05
20	-1
21	-1
22	-1
23	-1e+05
24	-1
25	-1e+05
26	-1e+05
27	-1
28	-1
29	-1
30	-1
31	-1
32	-1
33	-1e+05
34	-1e+05
35	-1e+05
36	-1
37	-1
38	-1
39	-1
40	-1e+05
41	-1
42	-1e+05
43	-1e+05
44	-1e+05
45	-1e+05
46	-1
47	-1
48	-1e+05
49	-1e+05
50	-1
51	-1
52	-1
53	-1
54	-1e+05
55	-1e+05
56	-1
57	-1
58	-1
59	-1e+05
60	-1e+05
61	-1
62	-1
63	-1
64	-1
65	-1
66	-1
67	-1
68	-1
69	-1e+05
70	-1e+05
71	-1e+05
72	-1
73	-1
74	-1
75	-1e+05
76	-1e+05
77	-1e+05
78	-1
79	-1
80	-1
81	-1e+05
82	-1
83	-1e+05
84	-1
85	-1e+05
86	-1e+05
87	-1
88	-1e+05
89	-1
90	-1
91	-1
92	-1
93	-1
94	-1e+05
95	-1e+05
96	-1e+05
97	-1e+05
98	-1e+05
99	-1
100	-1
101	-1
102	-1e+05
103	-1e+05
104	-1e+05
105	-1
106	-1
107	-1
108	-1
109	-1
110	-1
111	-1
112	-1
113	-1
114	-1
115	-1
116	-1
117	-1
118	-1
119	-1
120	-1e+05
121	-1
122	-1e+05
123	-1e+05
124	-1e+05
125	-1e+05
126	-1
127	-1
128	-1e+05
129	-1
130	-1
131	-1
132	-1
133	-1e+05
134	-1e+05
135	-1
136	-1e+05
137	-1
138	-1
139	-1e+05
140	-1
141	-1
142	-1
143	-1
144	-1
145	-1
146	-1
147	-1
148	-1
149	-1
150	-1
151	-1
152	-1
153	-1
154	-1e+05
155	-1
156	-1
157	-1
158	-1e+05
159	-1e+05
160	-1e+05
161	-1e+05
162	-1
163	-1e+05
164	-1
165	-1e+05
166	-1
167	-1
168	-1
169	-1
170	-1
171	-1
172	-1
173	-1
174	-1
175	-1
176	-1
177	-1
178	-1e+05
179	-1
180	-1e+05
181	-1e+05
182	-1
183	-1
184	-1
185	-1
186	-1
187	-1
188	-1
189	-1
190	-1e+05
191	-1
192	-1
193	-1
194	-1e+05
195	-1
196	-1
197	-1
198	-1
199	-1
200	-1e+05
201	-1
202	-1
203	-1
204	-1
205	-1
206	-1
207	-1
208	-1e+05
209	-1
210	-1
211	-1
212	-1
213	-1
214	-1e+05
215	-1
216	-1
217	-1
218	-1e+05
219	-1
220	-1
221	-1
222	-1
223	-1
224	-1e+05
225	-1
226	-1
227	-1e+05
228	-1
229	-1e+05
230	-1
231	-1
232	-1
233	-1
234	-1
235	-1
236	-1
237	-1
238	-1e+05
239	-1e+05
240	-1
241	-1
242	-1
243	-1
244	-1
245	-1
246	-1
247	-1e+05
248	-1
249	-1
250	-1
251	-1
252	-1
253	-1
254	-1
255	-1
256	-1
257	-1
258	-1
259	-1
260	-1
261	-1
262	-1
263	-1
264	-1
265	-1
266	-1
267	-1
268	-1
269	-1
270	-1
271	-1
272	-1
273	-1
274	-1
275	-1
276	-1
277	-1
278	-1
279	-1
280	-1
281	-1
282	-1
283	-1
284	-1
285	-1
286	-1
287	-1
288	-1
289	-1
290	-1
291	-1
292	-1
293	-1e+05
294	-1
295	-1
296	-1
297	-1
298	-1
299	-1
300	-1
301	-1e+05
302	-1
303	-1
304	-1
305	-1
306	-1
307	-1
308	-1
309	-1
310	-1
311	-1
312	-1
313	-1
314	-1
315	-1
316	-1e+05
317	-1
318	-1
319	-1
320	-1
321	-1
322	-1
323	-1
324	-1
325	-1
326	-1
327	-1
328	-1
329	-1
330	-1
331	-1
332	-1
333	-1
334	-1
335	-1
336	-1
337	-1
338	-1
339	-1
340	-1
341	-1
342	-1
343	-1
344	-1
345	-1
346	-1
347	-1
348	-1
349	-1
350	-1
351	-1
352	-1
353	-1
354	-1
355	-1
356	-1
357	-1
358	-1
359	-1
360	-1
361	-1
362	-1e+05
363	-1
364	-1
365	-1
366	-1
367	-1e+05
368	-1
369	-1
370	-1e+05
371	-1
372	-1
373	-1
374	-1
375	-1
376	-1
377	-1
378	-1
379	-1
380	-1
381	-1
382	-1
383	-1
384	-1e+05
385	-1
386	-1
387	-1
388	-1
389	-1
390	-1
391	-1
392	-1
393	-1
394	-1
395	-1
396	-1
397	-1
398	-1
399	-1e+05
400	-1
401	-1
402	-1
403	-1
404	-1
405	-1
406	-1e+05
407	-1
408	-1
409	-1
410	-1e+05
411	-1
412	-1
413	-1
414	-1
415	-1
416	-1
417	-1
418	-1
419	-1
420	-1
421	-1
422	-1
423	-1
424	-1
425	-1
426	-1
427	-1
428	-1
429	-1
430	-1
431	-1
432	-1
433	-1
434	-1
435	-1
436	-1
437	-1
438	-1
439	-1
440	-1
441	-1
442	-1
443	-1e+05
444	-1
445	-1
446	-1
447	-1
448	-1
449	-1e+05
450	-1
451	-1
452	-1
453	-1
454	-1
455	-1
456	-1
457	-1
458	-1
459	-1
460	-1
461	-1
462	-1
463	-1e+05
464	-1e+05
465	-1
466	-1
467	-1
468	-1
469	-1
470	-1
471	-1
472	-1
473	-1
474	-1
475	-1
476	-1
477	-1
478	-1
479	-1
480	-1
481	-1
482	-1
483	-1
484	-1
485	-1e+05
486	-1
487	-1
488	-1
489	-1
490	-1
491	-1
492	-1
493	-1
494	-1
495	-1
496	-1
497	-1
498	-1
499	-1
500	-1
501	-1
502	-1
503	-1
504	-1
505	-1
506	-1
507	-1
508	-1
509	-1
510	-1
511	-1
512	-1
513	-1
514	-1
515	-1
516	-1
517	-1
518	-1
519	-1
520	-1
521	-1
522	-1
523	-1
524	-1
525	-1
526	-1
527	-1
528	-1
529	-1
530	-1
531	-1
532	-1
533	-1
534	-1
535	-1
536	-1
537	-1
538	-1
539	-1
540	-1
541	-1
542	-1
543	-1
544	-1
545	-1
546	-1
547	-1
548	-1
549	-1
550	-1
551	-1
552	-1
553	-1
554	-1
555	-1
556	-1
557	-1
558	-1e+05
559	-1
560	-1
561	-1
562	-1
563	-1e+05
564	-1
565	-1
566	-1
567	-1
568	-1
569	-1
570	-1
571	-1
572	-1
573	-1
574	-1
575	-1
576	-1
577	-1
578	-1
579	-1
580	-1
581	-1
582	-1
583	-1
584	-1
585	-1
586	-1
587	-1
588	-1
589	-1
590	-1
591	-1
592	-1
593	-1
594	-1
595	-1
596	-1
597	-1e+05
598	-1
599	-1
600	-1
601	-1
602	-1
603	-1
604	-1e+05
605	-1
606	-1
607	-1
608	-1
609	-1
610	-1
611	-1e+05
612	-1
613	-1
614	-1
615	-1
616	-1
617	-1
618	-1
619	-1
620	-1
621	-1
622	-1
623	-1e+05
624	-1
625	-1e+05
626	-1
627	-1
628	-1
629	-1
630	-1
631	-1
632	-1
633	-1
634	-1
635	-1
636	-1
637	-1
638	-1
639	-1
640	-1
641	-1
642	-1
643	-1
644	-1
645	-1
646	-1
647	-1
648	-1
649	-1
650	-1
651	-1
652	-1
653	-1
654	-1
655	-1
656	-1
657	-1
658	-1
659	-1
660	-1
661	-1
662	-1
663	-1
664	-1
665	-1
666	-1
667	-1
668	-1
669	-1
670	-1
671	-1
672	-1
673	-1e+05
674	-1
675	-1
676	-1
677	-1
678	-1
679	-1
680	-1
681	-1
682	-1
683	-1
684	-1
685	-1
686	-1
687	-1
688	-1
689	-1
690	-1
691	-1
692	-1
693	-1
694	-1
695	-1
696	-1
697	-1
698	-1
699	-1
700	-1
701	-1e+05
702	-1
703	-1
704	-1
705	-1
706	-1
707	-1
708	-1
709	-1e+05
710	-1
711	-1
712	-1
713	-1
714	-1
715	-1
716	-1
717	-1
718	-1
719	-1
720	-1
721	-1
722	-1
723	-1
724	-1
725	-1
726	-1
727	-1
728	-1
729	-1
730	-1
731	-1
732	-1
733	-1
734	-1
735	-1
736	-1
737	-1
738	-1
739	-1
740	-1
741	-1
742	-1
743	-1
744	-1
745	-1
746	-1
747	-1
748	-1
749	-1
750	-1
751	-1
752	-1
753	-1
754	-1
755	-1
756	-1
757	-1
758	-1
759	-1
760	-1
761	-1
762	-1
763	-1
764	-1
765	-1
766	-1
767	-1
768	-1
769	-1
770	-1
771	-1
772	-1
773	-1
774	-1
775	-1
776	-1
777	-1
778	-1
779	-1
780	-1
781	-1
782	-1
783	-1
784	-1e+05
785	-1
786	-1
787	-1
788	-1
789	-1
790	-1
791	-1
792	-1
793	-1
794	-1e+05
795	-1
796	-1
797	-1
798	-1
799	-1
800	-1
801	-1
802	-1
803	-1
804	-1
805	-1
806	-1
807	-1
808	-1
809	-1
810	-1
811	-1
812	-1
813	-1
814	-1
815	-1
816	-1
817	-1
818	-1
819	-1
820	-1
821	-1
822	-1
823	-1
824	-1
825	-1
826	-1
827	-1
828	-1
829	-1
830	-1
831	-1
832	-1
833	-1
834	-1
835	-1
836	-1
837	-1e+05
838	-1
839	-1
840	-1
841	-1
842	-1
843	-1
844	-1
845	-1
846	-1
847	-1
848	-1
849	-1
850	-1
851	-1
852	-1
853	-1
854	-1
855	-1
856	-1
857	-1
858	-1
859	-1
860	-1
861	-1
862	-1
863	-1
864	-1
865	-1
866	-1
867	-1
868	-1
869	-1
870	-1
871	-1
872	-1
873	-1
874	-1
875	-1
876	-1
877	-1
878	-1
879	-1
880	-1
881	-1
882	-1
883	-1e+05
884	-1
885	-1
886	-1
887	-1
888	-1
889	-1
890	-1
891	-1
892	-1
893	-1
894	-1
895	-1
896	-1
897	-1
898	-1
899	-1
900	-1
901	-1
902	-1
903	-1
904	-1
905	-1
906	-1e+05
907	-1
908	-1
909	-1
910	-1
911	-1
912	-1
913	-1
914	-1
915	-1
916	-1
917	-1
918	-1
919	-1
920	-1
921	-1
922	-1
923	-1
924	-1
925	-1
926	-1
927	-1
928	-1
929	-1
930	-1
931	-1
932	-1
933	-1
934	-1
935	-1
936	-1
937	-1
938	-1
939	-1
940	-1
941	-1
942	-1
943	-1
944	-1
945	-1
946	-1
947	-1
948	-1
949	-1
950	-1
951	-1
952	-1
953	-1
954	-1
955	-1
956	-1
957	-1
958	-1
959	-1
960	-1
961	-1
962	-1
963	-1
964	-1
965	-1
966	-1
967	-1
968	-1
969	-1
970	-1
971	-1
972	-1
973	-1
974	-1
975	-1
976	-1
977	-1
978	-1
979	-1
980	-1
981	-1
982	-1
983	-1
984	-1
985	-1
986	-1
987	-1
988	-1
989	-1
990	-1
991	-1
992	-1
993	-1
994	-1
995	-1
996	-1
997	-1
998	-1
999	-1
1000	-1
1001	-1
1002	-1
1003	-1
1004	-1
1005	-1
1006	-1
1007	-1
1008	-1
1009	-1
1010	-1
1011	-1
1012	-1
1013	-1
1014	-1
1015	-1
1016	-1
1017	-1
1018	-1
1019	-1
1020	-1
1021	-1
1022	-1
1023	-1
1024	-1
1025	-1
1026	-1
1027	-1
1028	-1
1029	-1
1030	-1
1031	-1
1032	-1
1033	-1
1034	-1
1035	-1
1036	-1
1037	-1
1038	-1
1039	-1
1040	-1
1041	-1
1042	-1
1043	-1
1044	-1
1045	-1
1046	-1
1047	-1
1048	-1
1049	-1
1050	-1
1051	-1
1052	-1
1053	-1e+05
1054	-1
1055	-1
1056	-1
1057	-1
1058	-1
1059	-1
1060	-1
1061	-1
1062	-1
1063	-1
1064	-1
1065	-1
1066	-1
1067	-1
1068	-1
1069	-1
1070	-1
1071	-1
1072	-1
1073	-1
1074	-1
1075	-1
1076	-1
1077	-1
1078	-1
1079	-1
1080	-1
1081	-1
1082	-1
1083	-1
1084	-1
1085	-1
1086	-1
1087	-1
1088	-1
1089	-1
1090	-1
1091	-1
1092	-1
1093	-1
1094	-1
1095	-1
1096	-1
1097	-1
1098	-1
1099	-1
1100	-1
1101	-1
1102	-1
1103	-1
1104	-1
1105	-1
1106	-1
1107	-1
1108	-1
1109	-1
1110	-1
1111	-1
1112	-1
1113	-1
1114	-1
1115	-1
1116	-1
1117	-1
1118	-1
1119	-1
1120	-1
1121	-1
1122	-1
1123	-1
1124	-1
1125	-1
1126	-1
1127	-1
1128	-1
1129	-1
1130	-1
1131	-1
1132	-1
1133	-1
1134	-1
1135	-1
1136	-1
1137	-1
1138	-1
1139	-1
1140	-1
1141	-1
1142	-1
1143	-1
1144	-1
1145	-1
1146	-1
1147	-1
1148	-1
1149	-1
1150	-1
1151	-1
1152	-1
1153	-1
1154	-1
1155	-1
1156	-1
1157	-1
1158	-1
1159	-1
1160	-1
1161	-1
1162	-1
1163	-1
1164	-1
1165	-1
1166	-1
1167	-1
1168	-1
1169	-1
1170	-1
1171	-1
1172	-1
1173	-1
1174	-1
1175	-1
1176	-1
1177	-1
1178	-1
1179	-1
1180	-1
1181	-1
1182	-1
1183	-1
1184	-1
1185	-1
1186	-1e+05
1187	-1
1188	-1
1189	-1
1190	-1
1191	-1
1192	-1
1193	-1
1194	-1
1195	-1
1196	-1
1197	-1
1198	-1
1199	-1
1200	-1
1201	-1
1202	-1
1203	-1
1204	-1
1205	-1
1206	-1
1207	-1
1208	-1
1209	-1
1210	-1
1211	-1
1212	-1
1213	-1
1214	-1
1215	-1
1216	-1
1217	-1
1218	-1
1219	-1
1220	-1
1221	-1
1222	-1
1223	-1
1224	-1
1225	-1
1226	-1
1227	-1
1228	-1
1229	-1
1230	-1
1231	-1
1232	-1
1233	-1
1234	-1
1235	-1
1236	-1
1237	-1
1238	-1
1239	-1
1240	-1
1241	-1
1242	-1
1243	-1
1244	-1
1245	-1
1246	-1
1247	-1
1248	-1
1249	-1
1250	-1
1251	-1
1252	-1
1253	-1
1254	-1
1255	-1
1256	-1
1257	-1
1258	-1
1259	-1
1260	-1
1261	-1
1262	-1
1263	-1
1264	-1
1265	-1
1266	-1
1267	-1
1268	-1
1269	-1
1270	-1
1271	-1
1272	-1
1273	-1
1274	-1
1275	-1
1276	-1
1277	-1
1278	-1
1279	-1
1280	-1
1281	-1
1282	-1
1283	-1
1284	-1
1285	-1
1286	-1
1287	-1
1288	-1e+05
1289	-1
1290	-1
1291	-1
1292	-1
1293	-1
1294	-1
1295	-1
1296	-1
1297	-1
1298	-1
1299	-1
1300	-1
1301	-1
1302	-1
1303	-1
1304	-1
1305	-1
1306	-1
1307	-1
1308	-1
1309	-1
1310	-1
1311	-1
1312	-1
1313	-1
1314	-1
1315	-1
1316	-1
1317	-1
1318	-1
1319	-1e+05
1320	-1
1321	-1e+05
1322	-1e+05
1323	-1e+05
1324	-1
1325	-1
1326	-1
1327	-1
1328	-1
1329	-1
1330	-1
1331	-1
1332	-1
1333	-1
1334	-1
1335	-1
1336	-1
1337	-1
1338	-1
1339	-1
1340	-1
1341	-1
1342	-1
1343	-1
1344	-1
1345	-1
1346	-1
1347	-1
1348	-1
1349	-1
1350	-1
1351	-1
1352	-1
1353	-1
1354	-1
1355	-1
1356	-1
1357	-1
1358	-1
1359	-1
1360	-1
1361	-1
1362	-1
1363	-1
1364	-1
1365	-1
1366	-1
1367	-1
1368	-1
1369	-1
1370	-1
1371	-1
1372	-1
1373	-1
1374	-1
1375	-1
1376	-1
1377	-1
1378	-1
1379	-1
1380	-1
1381	-1
1382	-1
1383	-1
1384	-1
1385	-1
1386	-1
1387	-1
1388	-1
1389	-1
1390	-1
1391	-1
1392	-1
1393	-1
1394	-1
1395	-1
1396	-1
1397	-1
1398	-1
1399	-1
1400	-1
1401	-1
1402	-1
1403	-1
1404	-1
1405	-1
1406	-1
1407	-1
1408	-1
1409	-1
1410	-1
1411	-1
1412	-1
1413	-1
1414	-1
1415	-1
1416	-1
1417	-1
1418	-1
1419	-1
1420	-1
1421	-1
1422	-1
1423	-1
1424	-1
1425	-1
1426	-1
1427	-1
1428	-1
1429	-1
1430	-1
1431	-1
1432	-1e+05
1433	-1
1434	-1
1435	-1
1436	-1
1437	-1
1438	-1
1439	-1
1440	-1
1441	-1
1442	-1
1443	-1
1444	-1
1445	-1
1446	-1
1447	-1
1448	-1
1449	-1
1450	-1
1451	-1
1452	-1
1453	-1
1454	-1
1455	-1
1456	-1
1457	-1
1458	-1
1459	-1
1460	-1
1461	-1
1462	-1
1463	-1
1464	-1
1465	-1
1466	-1
1467	-1
1468	-1
1469	-1
1470	-1
1471	-1
1472	-1
1473	-1
1474	-1
1475	-1
1476	-1
1477	-1
1478	-1
1479	-1
1480	-1
1481	-1
1482	-1
1483	-1
1484	-1
1485	-1
1486	-1
1487	-1
1488	-1
1489	-1
1490	-1
1491	-1
1492	-1
1493	-1
1494	-1
1495	-1
1496	-1
1497	-1
1498	-1
1499	-1
1500	-1
1501	-1
1502	-1
1503	-1
1504	-1
1505	-1
1506	-1
1507	-1
1508	-1
1509	-1
1510	-1
1511	-1
1512	-1
1513	-1
1514	-1
1515	-1
1516	-1
1517	-1
1518	-1
1519	-1
1520	-1
1521	-1
1522	-1
1523	-1
1524	-1
1525	-1
1526	-1
1527	-1
1528	-1
1529	-1
1530	-1
1531	-1
1532	-1
1533	-1
1534	-1
1535	-1
1536	-1
1537	-1
1538	-1
1539	-1
1540	-1
1541	-1
1542	-1
1543	-1
1544	-1
1545	-1
1546	-1
1547	-1
1548	-1
1549	-1
1550	-1
1551	-1
1552	-1
1553	-1
1554	-1
1555	-1
1556	-1
1557	-1
1558	-1
1559	-1
1560	-1
1561	-1
1562	-1
1563	-1
1564	-1
1565	-1
1566	-1
1567	-1
1568	-1
1569	-1
1570	-1
1571	-1
1572	-1
1573	-1
1574	-1
1575	-1
1576	-1
1577	-1
1578	-1
1579	-1
1580	-1
1581	-1
1582	-1
1583	-1
1584	-1
1585	-1
1586	-1
1587	-1
1588	-1
1589	-1
1590	-1
1591	-1
1592	-1
1593	-1
1594	-1
1595	-1
1596	-1
1597	-1
1598	-1
1599	-1
1600	-1
1601	-1
1602	-1
1603	-1
1604	-1
1605	-1
1606	-1
1607	-1
1608	-1
1609	-1
1610	-1
1611	-1
1612	-1
1613	-1
1614	-1
1615	-1
1616	-1
1617	-1
1618	-1
1619	-1
1620	-1
1621	-1
1622	-1
1623	-1
1624	-1
1625	-1
1626	-1
1627	-1
1628	-1
1629	-1
1630	-1
1631	-1
1632	-1
1633	-1
1634	-1
1635	-1
1636	-1
1637	-1
1638	-1
1639	-1
1640	-1
1641	-1
1642	-1
1643	-1
1644	-1
1645	-1
1646	-1
1647	-1
1648	-1
1649	-1
1650	-1
1651	-1
1652	-1
1653	-1
1654	-1
1655	-1
1656	-1
1657	-1
1658	-1
1659	-1
1660	-1
1661	-1
1662	-1
1663	-1
1664	-1
1665	-1
1666	-1
1667	-1
1668	-1
1669	-1
1670	-1
1671	-1
1672	-1
1673	-1
1674	-1
1675	-1
1676	-1
1677	-1
1678	-1
1679	-1
1680	-1
1681	-1
1682	-1
1683	-1
1684	-1
1685	-1
1686	-1
1687	-1
1688	-1
1689	-1
1690	-1
1691	-1
1692	-1
1693	-1
1694	-1
1695	-1
1696	-1
1697	-1
1698	-1
1699	-1
1700	-1
1701	-1
1702	-1
1703	-1
1704	-1
1705	-1
1706	-1
1707	-1
1708	-1
1709	-1
1710	-1
1711	-1
1712	-1
1713	-1
1714	-1
1715	-1
1716	-1
1717	-1
1718	-1
1719	-1
1720	-1
1721	-1
1722	-1
1723	-1
1724	-1
1725	-1
1726	-1
1727	-1
1728	-1
1729	-1
1730	-1
1731	-1
1732	-1
1733	-1
1734	-1
1735	-1
1736	-1e+05
1737	-1
1738	-1
1739	-1
1740	-1
1741	-1
1742	-1
1743	-1
1744	-1
1745	-1
1746	-1
1747	-1
1748	-1
1749	-1
1750	-1
1751	-1
1752	-1
1753	-1
1754	-1
1755	-1
1756	-1
1757	-1
1758	-1
1759	-1
1760	-1
1761	-1
1762	-1
1763	-1
1764	-1
1765	-1
1766	-1
1767	-1
1768	-1
1769	-1
1770	-1
1771	-1
1772	-1
1773	-1
1774	-1
1775	-1
1776	-1
1777	-1
1778	-1
1779	-1
1780	-1
1781	-1
1782	-1
1783	-1
1784	-1
1785	-1
1786	-1
1787	-1
1788	-1
1789	-1
1790	-1
1791	-1
1792	-1
1793	-1
1794	-1
1795	-1
1796	-1
1797	-1
1798	-1
1799	-1
1800	-1
1801	-1
1802	-1
1803	-1
1804	-1
1805	-1
1806	-1
1807	-1
1808	-1
1809	-1
1810	-1
1811	-1
1812	-1
1813	-1
1814	-1
1815	-1
1816	-1
1817	-1
1818	-1
1819	-1
1820	-1
1821	-1
1822	-1
1823	-1
1824	-1
1825	-1
1826	-1
1827	-1
1828	-1
1829	-1
1830	-1
1831	-1
1832	-1
1833	-1
1834	-1
1835	-1
1836	-1
1837	-1
1838	-1
1839	-1
1840	-1
1841	-1
1842	-1
1843	-1
1844	-1
1845	-1
1846	-1
1847	-1
1848	-1
1849	-1
1850	-1
1851	-1
1852	-1
1853	-1
1854	-1
1855	-1
1856	-1
1857	-1
1858	-1
1859	-1
1860	-1
1861	-1
1862	-1
1863	-1
1864	-1
1865	-1
1866	-1
1867	-1
1868	-1
1869	-1
1870	-1
1871	-1
1872	-1
1873	-1
1874	-1
1875	-1
1876	-1
1877	-1
1878	-1
1879	-1
1880	-1
1881	-1
1882	-1
1883	-1
1884	-1
1885	-1
1886	-1
1887	-1
1888	-1
1889	-1
1890	-1
1891	-1
1892	-1
1893	-1
1894	-1
1895	-1
1896	-1
1897	-1
1898	-1
1899	-1
1900	-1
1901	-1
1902	-1
1903	-1
1904	-1
1905	-1
1906	-1
1907	-1
1908	-1
1909	-1
1910	-1
1911	-1
1912	-1
1913	-1
1914	-1
1915	-1
1916	-1
1917	-1
1918	-1
1919	-1
1920	-1
1921	-1
1922	-1
1923	-1
1924	-1
1925	-1
1926	-1
1927	-1
1928	-1
1929	-1
1930	-1
1931	-1
1932	-1
1933	-1
1934	-1
1935	-1
1936	-1
1937	-1
1938	-1
1939	-1
1940	-1
1941	-1
1942	-1
1943	-1
1944	-1
1945	-1
1946	-1
1947	-1
1948	-1
1949	-1
1950	-1
1951	-1
1952	-1
1953	-1
1954	-1
1955	-1
1956	-1
1957	-1
1958	-1
1959	-1
1960	-1
1961	-1
1962	-1
1963	-1
1964	-1
1965	-1
1966	-1
1967	-1
1968	-1
1969	-1
1970	-1
1971	-1
1972	-1
1973	-1
1974	-1
1975	-1
1976	-1
1977	-1
1978	-1
1979	-1
1980	-1
1981	-1
1982	-1
1983	-1
1984	-1
1985	-1
1986	-1
1987	-1
1988	-1
1989	-1
1990	-1
1991	-1
1992	-1
1993	-1
1994	-1
1995	-1
1996	-1
1997	-1
1998	-1
1999	-1
2000	-1
2001	-1
2002	-1
2003	-1
2004	-1
2005	-1
2006	-1
2007	-1
2008	-1
2009	-1
2010	-1
2011	-1
2012	-1
2013	-1
2014	-1
2015	-1
2016	-1
2017	-1
2018	-1
2019	-1
2020	-1
2021	-1
2022	-1
2023	-1
2024	-1
2025	-1
2026	-1
2027	-1
2028	-1
2029	-1
2030	-1
2031	-1
2032	-1
2033	-1
2034	-1
2035	-1
2036	-1
2037	-1
2038	-1
2039	-1
2040	-1
2041	-1
2042	-1
2043	-1
2044	-1
2045	-1
2046	-1
2047	-1
2048	-1
2049	-1
2050	-1
2051	-1
2052	-1
2053	-1
2054	-1
2055	-1
2056	-1
2057	-1
2058	-1
2059	-1
2060	-1
2061	-1
2062	-1
2063	-1
2064	-1
2065	1.13765875078424
2066	6.71304709410012
2067	0.606727930407018
2068	7.54537073193189
2069	2.04747784695038
2070	0.326797218997527
2071	1.38318266013968
2072	0.264575464855123
2073	2.36044895637205
2074	4.87975289315089
2075	0.718848462865656
2076	3.16731334551502
2077	3.60115418925008
2078	1.36216005968309
2079	1.38718396033188
2080	1.36064621696878
2081	3.18349173177587
2082	0.743988981967488
2083	0.970657475881121
2084	2.05206955706026
2085	2.15933173986678
2086	0.873440043104734
2087	0.384768777306676
2088	2.97615316798006
2089	0.0707363283678933
2090	4.79613055602565
2091	1.04567786975333
2092	8.98364144734653
2093	2.12949023767717
2094	3.84836218856095
2095	2.84551306567824
2096	1.96531428500727
2097	1.98921230789294
2098	4.94947886658537
2099	3.60335038262331
2100	4.15362127205709
2101	0.515612890627567
2102	1.53434476485509
2103	0.226383241208315
2104	3.30090267399017
2105	0.303887034893864
2106	1.62934746258886
2107	1.12464539316437
2108	2.41714411222148
2109	3.62003563976482
2110	2.77284450327629
2111	1.36233458120633
2112	0
2113	2.55987029297232
2114	11.2353298044176
2115	1.07877724235449
2116	3.78970118008947
2117	0.733288750304256
2118	0.07025877880839
2119	0.165083773870795
2120	0.708351585146246
2121	0.075947479860304
2122	0.21971246063168
2123	4.60194399510459
2124	3.1005267115284
2125	0
2126	0.129165938346943
2127	3.55126057319768
2128	1.24255484037706
2129	1.64464829387969
2130	0.843062941256467
2131	1.93338339168707
2132	4.58003364395249
2133	4.29904075227859
2134	1.21168086150332
2135	4.53599413992301
2136	1.52413954556593
2137	0.764671879637492
2138	2.03464277089307
2139	0.404883689586632
2140	0.726280438068047
2141	0.591101765525746
2142	4.1788779996979
2143	0.704284159850301
2144	1.23495228629927
2145	2.34445859697295
2146	0.573870347415756
2147	3.07697647307115
2148	4.23128973128594
2149	0.422454953330394
2150	0.561656302200774
2151	4.52865932585439
2152	1.21329688313505
2153	2.52218303328042
2154	4.39822702001261
2155	3.41848329748214
2156	4.52057873236492
2157	0.493315192922274
2158	1.15668853682727
2159	0.170932330263187
2160	1.00826995523827
2161	4.75672106755607
2162	0.556508471086014
2163	1.95595525337475
2164	3.1005267115284
2165	0.999587614066001
2166	0.589956564538716
2167	2.29019996110314
2168	1.95254681365782
2169	0.44322296792835
2170	1.80957347069508
2171	2.06049082170358
2172	2.14970607578616
2173	0
2174	3.56801205730389
2175	2.66115388027789
2176	2.74531180308139
2177	1.97841413523868
2178	3.04520270453687
2179	2.60282353810063
2180	1.53550777679049
2181	8.11658514606886
2182	2.8466297458676
2183	0.176031635388873
2184	0
2185	2.6373052467365
2186	0.286620161788134
2187	0.890248945035579
2188	2.03671332975947
2189	0.408992668585304
2190	1.25980377147781
2191	2.11528409973399
2192	3.68825043332631
2193	5.35476875671239
2194	0.367193617872974
2195	3.13468501351796
2196	0.731550966842421
2197	0
2198	1.73405672395808
2199	0.315929812686028
2200	2.16927606578344
2201	4.59276220176387
2202	4.35169639937094
2203	5.28385598384582
2204	2.05200247237013
2205	5.40321346022219
2206	0.264245642147451
2207	0.0856766318645736
2208	5.85351722447755
2209	1.14675854195788
2210	1.40890295644009
2211	0
2212	1.15398524913684
2213	2.72528789783098
2214	3.02498978398968
2215	0.866996522339179
2216	1.27704141416503
2217	5.93463130096877
2218	2.03464277089307
2219	0
2220	3.46379748675152
2221	2.66115388027789
2222	0
2223	1.12394951557094
2224	0.640046842423677
2225	0
2226	0.129256673413152
2227	1.40838562237397
2228	2.28595117654397
2229	0.3652097336285
2230	0.336743833639096
2231	2.6509045743191
2232	1.13765875078424
2233	1.00055124115875
2234	0
2235	1.65051823962614
2236	5.22921685576298
2237	1.0982648607509
2238	1.28074413126483
2239	0.366814107732604
2240	3.56971276946327
2241	1.79827806293171
2242	0
2243	0
2244	2.96368443229517
2245	1.20836493091211
2246	2.52772403378458
2247	0.295596869383174
2248	2.64957156874663
2249	8.20937798938122
2250	3.47594720822292
2251	3.4144546558596
2252	0
2253	9.8540985922699
2254	1.64791674540124
2255	1.22581454920571
2256	0.418507442141785
2257	4.58473341561713
2258	3.05823955351926
2259	0.137814054338731
2260	1.3776077991732
2261	3.91680544469768
2262	3.11863863899232
2263	4.11694685156257
2264	1.25980377147781
2265	9.83360383519556
2266	0.641528680848761
2267	2.08315653320741
2268	1.78350194000047
2269	0.370897539763
2270	1.4938065796186
2271	0.942995504903506
2272	0.166009489471809
2273	0.54189171552243
2274	3.37251262752494
2275	2.15553548004681
2276	0.87740162166586
2277	5.90292951095098
2278	2.47796395472887
2279	3.57750877904361
2280	1.87358869287917
2281	3.5250096701713
2282	4.80126680921091
2283	0.115851298355745
2284	2.30694733676957
2285	3.45818339517506
2286	2.10407928916017
2287	0.313501763971162
2288	1.54567360381687
2289	0.290358887181013
2290	1.79436502973601
2291	1.36567752162354
2292	2.81207030724527
2293	0.930013714289173
2294	4.51640826595374
2295	3.93259623299983
2296	1.85640146158349
2297	3.71414139389032
2298	0
2299	1.97139389422424
2300	0.744837671005315
2301	0.720232601450588
2302	0.922820865061187
2303	3.22734668748763
2304	8.92654176664919
2305	1.54681295132341
2306	1.66545817745575
2307	0.508168215808573
2308	0.157421177031527
2309	2.68369566358655
2310	0.338290832574518
2311	0.760770932408875
2312	0.322053741988667
2313	1.71647149460819
2314	2.05942472483902
2315	4.61663874653397
2316	0.645484731790547
2317	0.893836988963807
2318	1.14080802609622
2319	3.5914475064802
2320	1.71939935674552
2321	1.13648877144447
2322	2.97736286740871
2323	2.19621282119903
2324	2.56524880245175
2325	0.57677268124995
2326	1.80858219821163
2327	0.179867606373536
2328	0.363344163247269
2329	6.86589816477397
2330	3.55116649360721
2331	0.684139222193355
2332	0.262161065265215
2333	1.84226743460583
2334	3.45173318220304
2335	0.837531282666738
2336	7.07152010685559
2337	0.917842092780629
2338	0.451857364092418
2339	0.150246928307873
2340	1.8447643319117
2341	3.1005267115284
2342	0.782204700861623
2343	2.00586787149689
2344	2.68909763397497
2345	2.87479638708541
2346	1.38090387083186
2347	0.495970374338671
2348	2.95895846574602
2349	1.5336157542091
2350	2.6183324353986
2351	3.28132006615207
2352	1.78500988417911
2353	0
2354	0
2355	0
2356	0
2357	0.954327280210558
2358	2.90706922504082
2359	0.398271312924366
2360	0
2361	1.27769072722354
2362	0.991304862401178
2363	0.756549204986391
2364	1.49177066464813
2365	3.03863258017519
2366	0.315129363820093
2367	0.089661923756921
2368	0.895868208022124
2369	0
2370	0
2371	0
2372	1.0698635299387
2373	1.34747484317371
2374	0
2375	0
2376	0
2377	0.184546434934208
2378	1.34053584023961
2379	0.0802013191268982
2380	0
2381	0
2382	0
2383	0.124995306964687
2384	1.85884041955426
2385	1.45694514338444
2386	2.47938518500124
2387	1.99363389032213
2388	0
2389	0.468381355898442
2390	0
2391	0.160418950964025
2392	1.13163138183621
2393	5.5143105491311
2394	0
2395	1.75150358898591
2396	3.93129213136373
2397	0.864137546006555
2398	0.102066679455605
2399	5.48220500076648
2400	2.9510412811128
2401	1.17753962738345
2402	0.762574536087195
2403	0
2404	0
2405	0
2406	2.76027979831764
2407	0.260156363104753
2408	2.02166905241786
2409	0.481715261477494
2410	0.797416174787138
2411	1.40091337275917
2412	0.69204421470403
2413	14.2132374122592
2414	4.7764029103592
2415	0.773047862213731
2416	0.440376526671828
2417	0.363782632328389
2418	2.65009244714308
2419	1.27090596256734
2420	0.287960699324375
2421	0.658954187317992
2422	0.316784360865794
2423	5.39766929281273
2424	0.24221728742144
2425	1.26404555296593
2426	0
2427	0.863346911230991
2428	0.0883515479562622
2429	4.53599413992301
2430	0
2431	1.24255484037706
2432	4.95380789658599
2433	3.14603040660394
2434	3.55126057319768
2435	0.588735254497028
2436	1.69549417389379
2437	1.52657666957639
2438	0.351623724977152
2439	2.46738996256286
2440	1.69254275194882
2441	1.28836111728297
2442	3.36406715848881
2443	1.07877724235449
2444	0.708351585146246
2445	1.87759937223807
2446	1.09416350301471
2447	3.11039226769571
2448	7.43001268193378
2449	0.493001590332457
2450	1.09270938132684
2451	0.977296126304642
2452	0.786660018693273
2453	1.2067751149668
2454	0.174280428533985
2455	2.67621590186108
2456	1.29402835508071
2457	0
2458	0
2459	5.45672531588069
2460	3.79857177278807
2461	0.281195416063207
2462	5.94911938594114
2463	0.399361113040107
2464	7.06835835788224
2465	1.03292227782755
2466	0.348651553862386
2467	9.1387569399572
2468	0.887950650911895
2469	2.15664030419825
2470	6.02360429303214
2471	3.67383351526166
2472	1.16578163199595
2473	2.35210628573389
2474	0.42476147850288
2475	2.23002565980557
2476	0
2477	1.61201169906471
2478	0.259885283071058
2479	1.24736763401642
2480	0.471180173763332
2481	3.11851201046722
2482	0.663014087578039
2483	1.85824773314388
2484	2.34581245144586
2485	2.15226561774679
2486	3.24983436882553
2487	2.61466314817348
2488	0.538622102922778
2489	1.42808856043025
2490	1.1709998255043
2491	0.869364089488945
2492	0.174971840525368
2493	0.833264796402734
2494	1.54963952060151
2495	1.29033688770673
2496	0
2497	0.467996826828621
2498	1.92941326458333
2499	0
2500	1.79329484904884
2501	0.276547880006247
2502	2.23719720704011
2503	5.64639646159432
2504	0.813610074505277
2505	3.50478853839794
2506	4.22837512956685
2507	0.606120804117008
2508	2.6719310320952
2509	2.77041867163768
2510	1.62369225686988
2511	1.45841661956343
2512	0.57677268124995
2513	1.67636744772531
2514	1.08721989196211
2515	0
2516	4.06260988042772
2517	1.80957347069508
2518	0.598266899870323
2519	0
2520	0
2521	0
2522	0
2523	7.52512862422729
2524	1.09075890381975
2525	3.55637763622688
2526	5.13059561538982
2527	1.45595846165947
2528	0.128922950633935
2529	3.42274722582338
2530	1.3708392374458
2531	1.18934876330154
2532	1.24132430681205
2533	0
2534	3.75631230367696
2535	2.4195426404585
2536	1.1195832802922
2537	4.13602286233361
2538	3.17087824377172
2539	4.73364712647589
2540	2.05006701650461
2541	0.469595638362789
2542	0.329336694503905
2543	2.27554976969446
2544	0.224358032465754
2545	3.42274722582338
2546	4.24112242678899
2547	1.47376014105493
2548	2.35884201851868
2549	5.90292951095098
2550	0.809129005825348
2551	1.54567360381687
2552	2.98843687089407
2553	1.28836111728297
2554	0.182083730449371
2555	5.85351722447755
2556	0
2557	0
2558	0
2559	2.77034145034959
2560	1.18177842090344
2561	0.377412062290743
2562	0
2563	2.078194372057
2564	0
2565	0
2566	5.46640477663205
2567	0.786660018693273
2568	0.855690104298561
2569	1.29402835508071
2570	2.17499159563459
2571	5.58795257451122
2572	0
2573	1.89780926272416
2574	2.99263021281771
2575	5.72289266827425
2576	0
2577	2.79612638440645
2578	0.176031635388873
2579	0.57048766227255
2580	5.85351722447755
2581	0.639338691174775
2582	2.46058357134889
2583	5.23189036451176
2584	3.92903836770857
2585	4.30661787401102
2586	0.478335405461461
2587	2.36485730434123
2588	1.08769134008463
2589	4.11694685156257
2590	1.20064127089525
2591	0.707943130206489
2592	0.479009678603368
2593	0
2594	0.322743299501783
2595	1.58868268813375
2596	2.68506332061246
2597	1.1195832802922
2598	0
2599	0
2600	2.34303404350436
2601	0.259885283071058
2602	0.0953669441137003
2603	9.8540985922699
2604	2.52377298124189
2605	0.715013090288258
2606	0
2607	0.632448313235116
2608	0.440376526671828
2609	0
2610	0
2611	2.36044895637205
2612	0.737009880409091
2613	0
2614	1.68541939413723
2615	0
2616	0
2617	0
2618	0
2619	0
2620	0
2621	3.65358093906844
2622	0
2623	3.37995620893415
2624	0.485318376687631
2625	0.956163247564491
2626	2.90335333184372
2627	2.4611091566686
2628	1.83645013016736
2629	3.98521640595406
2630	0
2631	1.32803122077729
2632	0
2633	0.68777464770109
2634	0
2635	1.26948444112163
2636	1.089135307748
2637	0.893315317729798
2638	4.38003975399266
2639	0.737009880409091
2640	1.15164151163495
2641	0.69204421470403
2642	0.440376526671828
2643	2.16842361851906
2644	0.264575464855123
2645	1.38318266013968
2646	0.43385751512601
2647	2.12679304882829
2648	2.14360718540443
2649	0
2650	0
2651	0.960075954525493
2652	0.732656242980401
2653	1.1310320017247
2654	3.20695115356937
2655	0.365719196615685
2656	0
2657	0
2658	0
2659	1.18208154052099
2660	0
2661	8.1920737001584
2662	1.75094057571485
2663	1.92231206196608
2664	3.12493263579252
2665	2.76684600609033
2666	0.666909241752817
2667	7.52512862422729
2668	2.85566989049054
2669	1.20862628619245
2670	0.224358032465754
2671	0
2672	0.343578247851297
2673	1.00193579221135
2674	1.99465908914175
2675	1.19021811182413
2676	3.92082337965928
2677	3.46222103651697
2678	0
2679	0
2680	0.746979480064798
2681	0
2682	0
2683	0
2684	0.833264796402734
2685	4.43042395754255
2686	4.03168619451983
2687	0
2688	0.119731510066153
2689	1.94615036228912
2690	0
2691	3.44127129245043
2692	2.28595117654397
2693	0
2694	0
2695	0
2696	0
2697	1.58043602203539
2698	3.98576783763647
2699	0
2700	0
2701	4.90259865488919
2702	0.345318291701295
2703	2.42460565349731
2704	0.883653464216591
2705	2.92631353043725
2706	3.64653849397032
2707	1.43421584707899
2708	0.201895545690312
2709	0.351623724977152
2710	2.73919730005283
2711	6.72547876830065
2712	5.5143105491311
2713	1.75150358898591
2714	1.86083499276661
2715	3.05133223872263
2716	2.39160797032418
2717	0
2718	0
2719	0
2720	2.23501383941634
2721	0
2722	0
2723	3.13025524835257
2724	3.05823955351926
2725	0
2726	0
2727	0.632448313235116
2728	0.368537855977437
2729	0
2730	0.893315317729798
2731	0.287054867994581
2732	0.264575464855123
2733	1.38318266013968
2734	0
2735	0
2736	0
2737	0.820603468475818
2738	1.54567360381687
2739	0
2740	0
2741	1.20064127089525
2742	21.4214610667711
2743	0.544298951534729
2744	2.87804182997845
2745	5.72800782828099
2746	21.4214610667711
2747	0
2748	3.11851201046722
2749	0
2750	0
2751	0
2752	0
2753	9.55239276663974
2754	9.66814246107469
2755	1.29547899222936
2756	0
2757	1.89487116914628
2758	3.11863863899232
2759	2.6719310320952
2760	0
2761	0
2762	1.28409624460452
2763	0.0872109111654754
2764	4.85693073461731
2765	0
2766	0
2767	3.05273025789453
2768	0
2769	0
2770	0
2771	0.283853230800359
2772	3.98576783763647
2773	5.64639646159432
2774	0.206920555590279
2775	0.399361113040107
2776	0.556863098168425
2777	0
2778	5.43984265906406
2779	1.21889943157721
2780	0
2781	0.308462714704251
2782	2.17499159563459
2783	0
2784	0
2785	0
2786	0
2787	0
2788	0
2789	0
2790	1.38091571662307
2791	0
2792	5.83227897850328
2793	0
2794	0
2795	0
2796	0
2797	0
2798	0
2799	0.257277133937114
2800	0
2801	0
2802	0
2803	0
2804	0
2805	0
2806	0
2807	4.42332394699898
2808	1.05875893716998
2809	1.83645013016736
2810	2.14360718540443
2811	0.343529385060051
2812	0
2813	1.25980377147781
2814	2.92251475907427
2815	0.876412783925514
2816	4.42332394699898
2817	3.26950537833581
2818	7.43001268193378
2819	2.72528789783098
2820	0
2821	0.69581286972971
2822	1.71647149460819
2823	0
2824	0.299595683061726
2825	3.05133223872263
2826	0
2827	0
2828	0.957368948219223
2829	0
2830	0.544298951534729
2831	0.708351585146246
2832	0
2833	3.12031304572138
2834	0
2835	3.82029560306274
2836	0.951704671594618
2837	0.523897774857586
2838	3.256923947955
2839	0
2840	2.01283027741284
2841	0.205787598364786
2842	0.726396436545583
2843	0.423680846501525
2844	0
2845	0.68250392797292
2846	1.65588067505651
2847	0
2848	5.5143105491311
2849	2.91764763803708
2850	4.17009394079668
2851	3.50478853839794
2852	3.39952564084425
2853	1.01909251925433
2854	0.270951083927924
2855	2.40678579748512
2856	0
2857	4.06260988042772
2858	0
2859	0
2860	2.02166905241786
2861	0
2862	0
2863	4.24112242678899
2864	1.11884741076109
2865	3.05133223872263
2866	2.39160797032418
2867	0.951704671594618
2868	0
2869	0.98691793931889
2870	0
2871	5.81608637193067
2872	1.61735849124356
2873	1.28409624460452
2874	0.170003843457546
2875	4.50378922707623
2876	2.33822470370777
2877	0.307916596055928
2878	5.29621268344673
2879	0
2880	1.94615036228912
2881	0.328622738745666
2882	3.23370574225448
2883	0.307916596055928
2884	0.537205339348613
2885	5.29621268344673
2886	1.18831575569857
2887	1.28409624460452
2888	1.94128556311347
2889	1.71038880709464
2890	5.79311293941344
2891	2.04681269330771
2892	2.40645284043873
2893	3.21792791244232
2894	0.537205339348613
2895	0
2896	0.494426467902272
2897	0
2898	0.321096227205293
2899	0
2900	2.87804182997845
2901	1.21546398425589
2902	3.22329190956075
2903	0
2904	1.62365773767441
2905	0.322743299501783
2906	0
2907	0
2908	0
2909	7.54537073193189
2910	0
2911	1.87202111230291
2912	0
2913	1.2512306289227
2914	0
2915	0
2916	0
2917	0
2918	0
2919	0
2920	2.27866959995431
2921	1.71647149460819
2922	0
2923	0
2924	0
2925	0
2926	2.66115388027789
2927	0.291583601946897
2928	1.24495689312883
2929	0
2930	0
2931	0
2932	2.20802145377814
2933	0.669915292401464
2934	0.773047862213731
2935	5.13145126803166
2936	0.150211451113588
2937	2.62146291813057
2938	0
2939	0
2940	0
2941	0
2942	2.20802145377814
2943	0.205787598364786
2944	0
2945	0
2946	8.98877827145272
2947	4.30661787401102
2948	0.841669781953694
2949	3.35705630005311
2950	3.57750877904361
2951	1.69207802312629
2952	0
2953	0
2954	4.57606880874632
2955	1.93711546502524
2956	0
2957	2.06112205699448
2958	0.384844919980417
2959	0
2960	5.43984265906406
2961	0
2962	0
2963	0
2964	0
2965	0
2966	0
2967	0
2968	0.808700414478527
2969	0.342275910483231
2970	0
2971	0
2972	3.47594720822292
2973	0
2974	0
2975	0
2976	0.301169994326647
2977	4.12247184299063
2978	0
2979	1.03292227782755
2980	0
2981	0
2982	0
2983	1.98650781916636
2984	0
2985	0
2986	0
2987	0
2988	0
2989	0
2990	0.298432525699289
2991	0
2992	0
2993	0
2994	3.03863258017519
2995	0.887800085908548
2996	2.68230763224959
2997	1.28074413126483
2998	3.11851201046722
2999	0
3000	0
3001	1.45360223380169
3002	2.76684600609033
3003	0.854824750485234
3004	0
3005	6.04311587568127
3006	0.23756886981597
3007	0
3008	0
3009	0.1234106773169
3010	0
3011	0.767395684615284
3012	4.72700277933807
3013	0.405117848339473
3014	1.55450124256341
3015	0.351724579288686
3016	4.42332394699898
3017	1.27769072722354
3018	0.538770251358003
3019	1.57143601056836
3020	0.493315192922274
3021	1.45595846165947
3022	0.98691793931889
3023	0.262754563840066
3024	1.52593403325895
3025	0
3026	1.55450124256341
3027	0
3028	0
3029	0
3030	4.29980847642745
3031	1.11884741076109
3032	1.45595846165947
3033	2.06910439583851
3034	6.7766280344723
3035	2.52100465740627
3036	3.7336985655944
3037	2.43859990249726
3038	2.87804182997845
3039	1.41708336301006
3040	0
3041	0
3042	1.92109523374553
3043	7.43001268193378
3044	1.92109523374553
3045	0
3046	0.863346911230991
3047	0.262754563840066
3048	1.32300246627424
3049	0
3050	0
3051	0
3052	0
3053	0
3054	0
3055	0
3056	0.467996826828621
3057	0.785318045773323
3058	0
3059	2.03671332975947
3060	0
3061	0
3062	0
3063	0
3064	0
3065	0
3066	0
3067	0
3068	0
3069	0
3070	0
3071	0
3072	0
3073	0
3074	0
3075	4.12247184299063
3076	0
3077	0
3078	4.87975289315089
3079	0
3080	0
3081	1.89260538538591
3082	0.0732417558890992
3083	0
3084	0
3085	1.89260538538591
3086	0
3087	0.112170371084358
3088	0
3089	0.112170371084358
3090	0.0732417558890992
3091	0
3092	0
3093	0
3094	0
3095	3.46379748675152
3096	0
3097	0
3098	0
3099	1.61161415400773
3100	0
3101	0
3102	0
3103	0
3104	0
3105	0
3106	0
3107	0
3108	3.37995620893415
3109	1.15164151163495
3110	4.61663874653397
3111	0
3112	0.726396436545583
3113	0
3114	1.16578163199595
3115	0.809166819333032
3116	3.37071408009048
3117	0
3118	0.691595548275747
3119	0.951704671594618
3120	0
3121	0
3122	0
3123	0
3124	0
3125	0
3126	0
3127	0
3128	0
3129	2.32965904178825
3130	5.91899471784545
3131	0
3132	0
3133	0
3134	0
3135	0
3136	0
3137	0
3138	0
3139	0
3140	0
3141	0
3142	0
3143	0
3144	0
3145	1.11884741076109
3146	0
3147	0
3148	0
3149	0
3150	0
3151	0
3152	0.182083730449371
3153	1.28836111728297
3154	3.36406715848881
3155	0
3156	1.18177842090344
3157	0
3158	3.2879905332405
3159	0
3160	1.32300246627424
3161	0
3162	0
3163	0
3164	4.50378922707623
3165	0.721710167509773
3166	0
3167	8.20937798938122
3168	0
3169	0
3170	0.893315317729798
3171	0
3172	1.07732097444999
3173	0.591101765525746
3174	0
3175	0
3176	0
3177	0
3178	0
3179	0
3180	0
3181	0
3182	0
3183	0
3184	1.38839858883414
3185	0
3186	0
3187	0
3188	0
3189	0
3190	3.46222103651697
3191	5.13145126803166
3192	0
3193	0
3194	0
3195	0
3196	1.10390592235402
3197	3.98151981123895
3198	0
3199	0.819503905826754
3200	0.0732417558890992
3201	1.18177842090344
3202	0
3203	0
3204	0.98691793931889
3205	0
3206	0
3207	0
3208	0
3209	0
3210	0
3211	0.354063653799964
3212	0
3213	0
3214	0
3215	0
3216	0
3217	0
3218	0
3219	0
3220	0
3221	0
3222	0
3223	0
3224	1.19021811182413
3225	0
3226	0
3227	0
3228	0
3229	0
3230	0
3231	0
3232	0
3233	0
3234	0.863346911230991
3235	1.46446424203365
3236	5.13145126803166
3237	0.299595683061726
3238	0
3239	0
3240	0
3241	0.556863098168425
3242	0
3243	0
3244	0
3245	0
3246	0
3247	0
3248	0
3249	0
3250	0
3251	0.886160267714315
3252	1.2218513954361
3253	0.886160267714315
3254	1.25333862623112
3255	0.12953125036695
3256	0.929872862961201
3257	0.166009489471809
3258	0.287960699324375
3259	0.658954187317992
3260	0.476547658303718
3261	7.5833136031735
3262	2.30246672246829
3263	0.0733874432027794
3264	6.6181307956773
3265	3.28853252663529
3266	2.52031980544348
3267	2.88425628279228
3268	3.00033836981245
3269	0.87740162166586
3270	3.37251262752494
3271	1.85824773314388
3272	0.370897539763
3273	0.54189171552243
3274	2.34581245144586
3275	0.322053741988667
3276	2.15226561774679
3277	1.1310320017247
3278	0.508168215808573
3279	0.338290832574518
3280	2.08315653320741
3281	0.732656242980401
3282	2.61466314817348
3283	1.78350194000047
3284	0.663014087578039
3285	0.478335405461461
3286	2.68369566358655
3287	0.942995504903506
3288	1.08769134008463
3289	0.760770932408875
3290	0.328720347303925
3291	0.997215288022283
3292	2.35884201851868
3293	2.36485730434123
3294	2.47796395472887
3295	0.809129005825348
3296	5.90292951095098
3297	4.28829816082833
3298	1.09842509378134
3299	1.35399306818335
3300	0.157421177031527
3301	2.11528409973399
3302	3.92082337965928
3303	1.31641859995315
3304	0.927832765714357
3305	4.3776335088649
3306	0.825376882980638
3307	2.15553548004681
3308	1.14134657144426
3309	0.68213861490456
3310	7.84522439822538
3311	0.334388784412446
3312	5.26606730565851
3313	1.30595514928304
3314	0.260313373849194
