1	30	0
1	59	0
1	76	0
1	90	0
1	94	0
1	121	0
1	140	0
1	161	0
1	171	0
1	213	0
1	246	0
1	239	0
1	344	0
1	311	0
1	388	0
1	415	0
1	454	0
1	658	0
1	570	0
1	572	0
1	574	0
1	581	0
1	650	0
1	711	0
1	753	0
1	786	0
1	850	0
1	854	0
1	859	0
1	909	0
1	933	0
1	934	0
1	937	0
1	943	0
1	948	0
1	949	0
1	966	0
1	1498	0
1	1101	0
1	1952	0
1	1157	0
1	1175	0
1	1245	0
1	1476	0
1	1570	0
1	1953	0
1	1954	0
1	1955	0
1	1942	0
2	315	0
3	699	0
3	1958	0
3	399	0
3	1388	0
3	700	0
3	774	0
3	1967	0
3	1202	0
3	1968	0
3	1827	0
4	171	0
4	235	0
4	337	0
4	1201	0
4	790	0
4	853	0
4	902	0
4	909	0
4	1311	0
4	1292	0
4	1225	0
4	1938	0
6	7	0
6	60	0
6	107	0
6	112	0
6	491	0
6	493	0
6	836	0
6	849	0
6	976	0
6	1067	0
6	1267	0
7	107	0
7	418	0
7	836	0
7	849	0
7	1684	0
8	281	0
8	742	0
9	267	0
9	415	0
9	423	0
10	71	0
10	111	0
10	177	0
10	261	0
10	183	0
10	329	0
10	441	0
10	446	0
10	688	0
10	717	0
10	758	0
10	810	0
10	859	0
10	954	0
10	959	0
10	1061	0
10	1157	0
10	1227	0
10	1457	0
10	1228	0
10	1458	0
10	1973	0
10	1824	0
10	1932	0
12	17	0
12	295	0
12	397	0
12	505	0
12	402	0
12	849	0
13	54	0
13	223	0
13	295	0
13	486	0
13	414	0
13	415	0
13	510	0
13	531	0
13	849	0
13	1646	0
14	55	0
14	82	0
14	209	0
14	301	0
14	509	0
14	617	0
14	637	0
14	752	0
14	1137	0
14	990	0
14	1061	0
14	1207	0
14	1495	0
14	1507	0
14	1601	0
14	1751	0
14	1976	0
14	1808	0
14	1977	0
14	1978	0
15	197	0
15	1267	0
15	1348	0
15	1619	0
15	1979	0
15	1980	0
16	329	0
16	327	0
16	585	0
17	399	0
17	404	0
17	1114	0
17	911	0
17	836	0
17	841	0
17	847	0
17	849	0
17	970	0
17	869	0
17	985	0
17	1685	0
18	1258	0
19	53	0
19	305	0
19	442	0
19	482	0
19	949	0
19	959	0
19	1106	0
19	1223	0
19	1256	0
19	1319	0
19	1433	0
19	1509	0
20	21	0
20	35	0
20	73	0
20	90	0
20	92	0
20	112	0
20	121	0
20	177	0
20	191	0
20	229	0
20	189	0
20	719	0
20	208	0
20	398	0
20	305	0
20	332	0
20	378	0
20	604	0
20	573	0
20	476	0
20	429	0
20	465	0
20	482	0
20	509	0
20	555	0
20	1722	0
20	532	0
20	539	0
20	560	0
20	650	0
20	951	0
20	657	0
20	665	0
20	1981	0
20	700	0
20	752	0
20	769	0
20	786	0
20	1982	0
20	822	0
20	912	0
20	857	0
20	858	0
20	859	0
20	925	0
20	1068	0
20	929	0
20	938	0
20	1093	0
20	1025	0
20	1082	0
20	1121	0
20	1232	0
20	1452	0
20	1314	0
20	1332	0
20	1349	0
20	1389	0
20	1698	0
20	1456	0
20	1983	0
20	1984	0
20	1886	0
20	1925	0
21	35	0
21	189	0
21	429	0
21	482	0
21	1981	0
21	769	0
21	1232	0
21	1452	0
21	1698	0
21	1886	0
22	1019	0
24	268	0
24	1001	0
24	1572	0
27	415	0
27	1389	0
29	205	0
29	39	0
29	65	0
29	240	0
29	487	0
29	510	0
29	673	0
29	764	0
29	1986	0
29	1987	0
29	1827	0
30	461	0
30	553	0
30	540	0
30	541	0
30	729	0
30	902	0
30	945	0
30	1059	0
30	1378	0
30	1988	0
31	32	0
31	551	0
33	157	0
33	159	0
33	225	0
33	238	0
33	429	0
33	684	0
33	822	0
33	882	0
33	836	0
33	902	0
33	1176	0
33	1038	0
33	1599	0
33	1415	0
34	226	0
34	305	0
34	466	0
34	388	0
34	445	0
34	457	0
34	483	0
34	778	0
34	760	0
34	732	0
34	758	0
34	842	0
34	1026	0
34	1157	0
34	1526	0
34	1457	0
34	1281	0
35	37	0
35	112	0
35	118	0
35	121	0
35	431	0
35	1107	0
35	1175	0
35	1623	0
35	1990	0
35	36	0
36	1131	0
36	1135	0
36	1138	0
37	112	0
37	118	0
37	121	0
37	161	0
37	178	0
37	482	0
37	948	0
37	1524	0
38	226	0
38	601	0
38	836	0
38	1054	0
38	1143	0
38	1334	0
38	1478	0
38	1439	0
38	1991	0
39	771	0
39	240	0
39	894	0
41	94	0
41	107	0
41	119	0
41	309	0
41	268	0
41	283	0
41	418	0
41	593	0
41	659	0
41	841	0
41	909	0
41	1176	0
41	945	0
41	1426	0
41	1275	0
41	1212	0
41	1325	0
41	1327	0
41	1331	0
41	1334	0
41	1451	0
41	1455	0
41	1662	0
41	1467	0
41	1567	0
41	1572	0
41	1992	0
41	42	0
42	74	0
42	112	0
42	116	0
42	119	0
42	121	0
42	1467	0
42	1597	0
42	1897	0
43	538	0
43	682	0
43	810	0
43	959	0
43	1011	0
44	513	0
44	766	0
44	786	0
44	873	0
44	875	0
44	1396	0
44	1503	0
44	1751	0
44	1821	0
45	1387	0
45	1271	0
45	1392	0
45	1464	0
45	1620	0
45	1695	0
46	48	0
46	52	0
46	275	0
46	361	0
46	566	0
46	638	0
46	863	0
46	836	0
46	841	0
46	853	0
46	912	0
46	858	0
46	1238	0
46	976	0
46	1999	0
46	1226	0
46	1204	0
46	2000	0
46	1439	0
46	2001	0
46	2002	0
46	2003	0
46	2004	0
46	2005	0
46	1997	0
46	2006	0
46	2007	0
46	2008	0
47	48	0
47	976	0
48	86	0
48	230	0
48	566	0
48	786	0
48	924	0
48	948	0
48	1203	0
48	1215	0
48	1346	0
49	976	0
50	327	0
50	729	0
50	959	0
50	1081	0
50	1545	0
51	2004	0
52	390	0
52	112	0
52	230	0
52	929	0
52	992	0
52	1226	0
52	1212	0
53	226	0
53	305	0
53	442	0
53	483	0
53	803	0
53	1319	0
53	1433	0
53	1509	0
54	197	0
54	226	0
54	275	0
54	972	0
55	59	0
55	157	0
55	160	0
55	623	0
55	679	0
55	1138	0
55	1619	0
55	1464	0
55	1695	0
55	2011	0
55	1761	0
55	2012	0
56	90	0
56	109	0
56	208	0
56	209	0
56	211	0
56	226	0
56	228	0
56	453	0
56	574	0
56	1065	0
56	1305	0
56	1910	0
57	367	0
57	353	0
57	574	0
57	619	0
57	621	0
57	717	0
57	1157	0
57	2013	0
59	90	0
59	229	0
59	279	0
59	447	0
59	650	0
59	951	0
59	697	0
59	860	0
59	859	0
59	933	0
59	964	0
59	934	0
59	1094	0
59	1157	0
59	1430	0
59	1227	0
59	1571	0
59	1228	0
59	1371	0
59	1564	0
59	2014	0
60	869	0
62	101	0
62	197	0
62	226	0
62	228	0
62	275	0
62	361	0
62	650	0
62	657	0
62	727	0
62	864	0
62	1024	0
62	972	0
62	938	0
62	946	0
62	1583	0
62	1358	0
62	1538	0
62	1258	0
62	1662	0
63	1186	0
63	415	0
63	514	0
63	1100	0
63	593	0
63	786	0
63	1033	0
63	924	0
63	1058	0
63	1321	0
63	1322	0
63	1461	0
63	64	0
64	296	0
64	1129	0
64	1682	0
65	108	0
65	2016	0
65	891	0
65	151	0
65	137	0
65	341	0
65	2017	0
67	71	0
67	78	0
67	74	0
67	641	0
71	74	0
71	128	0
71	85	0
71	86	0
71	87	0
71	88	0
71	112	0
71	119	0
71	174	0
71	227	0
71	465	0
71	513	0
71	566	0
71	785	0
71	817	0
71	819	0
71	822	0
71	882	0
71	827	0
71	836	0
71	841	0
71	864	0
71	869	0
71	880	0
71	1308	0
71	892	0
71	933	0
71	938	0
71	1050	0
71	1055	0
71	1157	0
71	1198	0
71	1271	0
71	2019	0
71	1762	0
71	2020	0
71	1437	0
71	1641	0
71	1456	0
71	2018	0
71	2021	0
71	1897	0
71	1852	0
71	1930	0
71	72	0
71	73	0
72	74	0
72	423	0
72	659	0
72	766	0
72	938	0
72	954	0
72	949	0
72	1038	0
72	1207	0
72	1872	0
73	78	0
73	74	0
73	327	0
73	424	0
73	641	0
73	752	0
73	920	0
73	819	0
73	827	0
73	836	0
73	880	0
73	1525	0
73	938	0
73	988	0
73	1382	0
73	1092	0
73	1243	0
73	2019	0
73	1910	0
74	85	0
74	87	0
74	88	0
74	111	0
74	119	0
74	121	0
74	539	0
74	817	0
74	819	0
74	880	0
74	892	0
74	1071	0
74	933	0
74	1157	0
74	1356	0
74	2019	0
74	1380	0
74	1641	0
74	1456	0
74	2018	0
74	1897	0
74	1852	0
74	1930	0
75	305	0
75	692	0
75	574	0
75	578	0
75	619	0
75	864	0
75	1062	0
75	1249	0
75	1424	0
75	1433	0
75	1435	0
75	1664	0
75	2022	0
76	128	0
76	440	0
76	343	0
76	424	0
76	415	0
76	454	0
76	539	0
76	572	0
76	1068	0
76	909	0
76	924	0
76	948	0
76	1058	0
76	1157	0
76	1226	0
76	1243	0
77	361	0
77	531	0
77	779	0
77	909	0
77	924	0
77	1058	0
78	640	0
78	415	0
78	817	0
78	2019	0
78	2018	0
79	2025	0
79	1999	0
80	1718	0
81	282	0
81	666	0
81	906	0
81	1249	0
82	84	0
82	301	0
82	1274	0
83	84	0
83	637	0
83	1274	0
84	617	0
84	1623	0
85	989	0
86	230	0
86	351	0
87	88	0
87	309	0
87	989	0
87	1611	0
88	327	0
88	1611	0
89	90	0
89	107	0
89	124	0
89	178	0
89	173	0
89	177	0
89	191	0
89	238	0
89	305	0
89	429	0
89	688	0
89	758	0
89	836	0
89	949	0
89	956	0
89	1098	0
89	1062	0
89	1083	0
89	1274	0
89	1319	0
89	1340	0
89	1343	0
89	1553	0
89	1781	0
89	2027	0
90	96	0
90	112	0
90	156	0
90	131	0
90	161	0
90	174	0
90	178	0
90	175	0
90	209	0
90	226	0
90	257	0
90	279	0
90	303	0
90	305	0
90	332	0
90	677	0
90	447	0
90	457	0
90	503	0
90	1160	0
90	570	0
90	572	0
90	574	0
90	578	0
90	619	0
90	618	0
90	621	0
90	623	0
90	679	0
90	811	0
90	678	0
90	729	0
90	860	0
90	717	0
90	730	0
90	810	0
90	819	0
90	934	0
90	949	0
90	955	0
90	959	0
90	1062	0
90	1082	0
90	1083	0
90	1084	0
90	1091	0
90	1157	0
90	1430	0
90	1203	0
90	1493	0
90	1200	0
90	1457	0
90	1326	0
90	1371	0
90	2028	0
90	1282	0
90	1347	0
90	1739	0
90	2014	0
90	2029	0
90	2030	0
90	1985	0
90	91	0
91	306	0
91	229	0
91	279	0
91	363	0
91	580	0
91	678	0
91	860	0
91	964	0
91	1157	0
91	1571	0
91	1228	0
92	513	0
92	836	0
92	864	0
92	873	0
92	875	0
92	938	0
92	945	0
92	1047	0
94	140	0
94	327	0
94	404	0
94	443	0
94	454	0
94	532	0
94	565	0
94	570	0
94	581	0
94	609	0
94	690	0
94	797	0
94	841	0
94	847	0
94	852	0
94	854	0
94	857	0
94	858	0
94	959	0
94	1084	0
94	1099	0
94	1118	0
94	1150	0
94	1226	0
94	1215	0
94	1316	0
94	2031	0
94	2032	0
94	1529	0
94	1700	0
94	1845	0
94	2033	0
94	95	0
95	112	0
95	565	0
95	580	0
95	752	0
95	902	0
95	945	0
95	1082	0
95	1083	0
95	1084	0
95	1118	0
95	1168	0
95	2034	0
96	160	0
96	380	0
96	361	0
96	621	0
96	893	0
96	934	0
96	1084	0
96	1157	0
96	1786	0
96	1343	0
96	2035	0
97	417	0
97	1010	0
97	841	0
97	849	0
97	854	0
97	858	0
97	864	0
97	869	0
97	2019	0
97	1405	0
100	101	0
101	505	0
102	203	0
102	348	0
102	1180	0
102	924	0
102	1004	0
102	1058	0
103	907	0
103	407	0
103	1982	0
104	112	0
104	819	0
104	822	0
104	836	0
104	864	0
105	107	0
105	836	0
105	841	0
106	107	0
106	161	0
106	415	0
106	1058	0
107	109	0
107	155	0
107	198	0
107	226	0
107	228	0
107	327	0
107	342	0
107	2036	0
107	423	0
107	868	0
107	482	0
107	531	0
107	833	0
107	785	0
107	751	0
107	1508	0
107	844	0
107	2037	0
107	780	0
107	789	0
107	2038	0
107	2039	0
107	913	0
107	1303	0
107	957	0
107	959	0
107	1004	0
107	1393	0
107	2040	0
107	1110	0
107	1111	0
107	1311	0
107	1243	0
107	1305	0
107	1415	0
107	1637	0
108	151	0
108	330	0
108	423	0
108	444	0
108	541	0
108	552	0
108	1594	0
108	1153	0
108	1178	0
108	1214	0
109	211	0
109	361	0
109	621	0
109	623	0
109	751	0
109	1082	0
109	1143	0
109	1332	0
110	727	0
110	1311	0
111	510	0
111	602	0
111	896	0
111	709	0
111	752	0
111	892	0
111	1071	0
111	1602	0
112	116	0
112	120	0
112	119	0
112	121	0
112	122	0
112	471	0
112	230	0
112	162	0
112	177	0
112	238	0
112	636	0
112	259	0
112	294	0
112	300	0
112	418	0
112	446	0
112	611	0
112	1001	0
112	528	0
112	798	0
112	609	0
112	641	0
112	951	0
112	651	0
112	659	0
112	679	0
112	2043	0
112	709	0
112	753	0
112	827	0
112	853	0
112	912	0
112	857	0
112	858	0
112	859	0
112	881	0
112	892	0
112	1071	0
112	898	0
112	942	0
112	929	0
112	934	0
112	948	0
112	949	0
112	976	0
112	1062	0
112	1074	0
112	2044	0
112	1089	0
112	1090	0
112	1155	0
112	1172	0
112	1173	0
112	1226	0
112	1213	0
112	1233	0
112	1243	0
112	1316	0
112	1578	0
112	1380	0
112	1442	0
112	1935	0
112	2045	0
112	1480	0
112	2027	0
112	2046	0
112	1570	0
112	1625	0
112	2047	0
112	1842	0
112	113	0
112	114	0
112	115	0
113	118	0
113	121	0
113	145	0
113	431	0
113	1172	0
113	1171	0
114	118	0
114	121	0
114	145	0
114	1035	0
114	431	0
114	684	0
114	606	0
114	1172	0
114	1171	0
114	1298	0
114	1325	0
114	2048	0
115	679	0
115	685	0
115	934	0
115	979	0
115	1120	0
115	1406	0
115	1157	0
115	1227	0
115	1371	0
116	122	0
116	510	0
116	892	0
117	635	0
117	1597	0
117	1716	0
118	122	0
118	230	0
118	329	0
118	259	0
118	446	0
118	487	0
118	609	0
118	635	0
118	651	0
118	709	0
118	858	0
118	881	0
118	892	0
118	1071	0
118	942	0
118	929	0
118	1277	0
118	934	0
118	948	0
118	949	0
118	1074	0
118	1154	0
118	1213	0
118	1578	0
118	1380	0
118	1480	0
118	2046	0
118	1842	0
119	122	0
119	162	0
119	191	0
119	186	0
119	189	0
119	238	0
119	418	0
119	509	0
119	858	0
119	881	0
119	892	0
119	1071	0
119	949	0
119	1074	0
119	1125	0
119	1172	0
119	1171	0
119	1275	0
119	1213	0
119	1578	0
119	1298	0
119	1310	0
119	1332	0
119	1327	0
119	1568	0
119	1334	0
119	1335	0
119	1380	0
119	1353	0
119	1355	0
119	1935	0
119	2049	0
119	1451	0
119	1567	0
119	1900	0
119	2021	0
119	120	0
120	122	0
120	186	0
120	294	0
120	602	0
120	798	0
120	709	0
120	858	0
120	892	0
120	1071	0
120	949	0
120	1002	0
120	1074	0
120	2044	0
120	1155	0
120	1172	0
120	1213	0
120	1380	0
120	1480	0
120	2046	0
121	122	0
121	636	0
121	446	0
121	609	0
121	695	0
121	858	0
121	864	0
121	869	0
121	873	0
121	875	0
121	949	0
121	1074	0
121	1213	0
121	1349	0
121	1597	0
121	1602	0
121	2042	0
121	1897	0
121	2047	0
122	949	0
122	1154	0
122	1172	0
122	1334	0
122	1380	0
122	1935	0
122	1900	0
122	2021	0
123	924	0
123	2050	0
124	127	0
124	170	0
124	158	0
124	181	0
124	1043	0
124	305	0
124	368	0
124	574	0
124	756	0
124	1237	0
124	1433	0
125	127	0
125	305	0
125	457	0
125	503	0
125	621	0
126	127	0
126	131	0
126	161	0
126	181	0
126	275	0
126	305	0
126	323	0
126	368	0
126	388	0
126	574	0
126	618	0
126	621	0
126	656	0
126	849	0
126	949	0
126	1228	0
126	1340	0
128	152	0
128	376	0
128	374	0
128	530	0
128	797	0
128	1191	0
128	1659	0
128	2051	0
129	156	0
129	475	0
129	954	0
130	158	0
130	670	0
131	2055	0
131	161	0
131	166	0
131	187	0
131	177	0
131	191	0
131	566	0
131	653	0
131	759	0
131	758	0
131	893	0
131	1036	0
131	942	0
131	2056	0
131	1138	0
131	1762	0
131	1821	0
132	1115	0
132	137	0
132	138	0
133	134	0
133	136	0
133	287	0
133	391	0
133	477	0
133	401	0
133	418	0
133	593	0
133	597	0
133	615	0
133	914	0
133	1062	0
133	1476	0
133	1643	0
133	1699	0
134	136	0
134	339	0
134	146	0
134	391	0
134	267	0
134	460	0
134	528	0
134	605	0
134	593	0
134	597	0
134	786	0
134	914	0
134	1020	0
134	1023	0
134	1258	0
135	136	0
135	211	0
135	1082	0
135	1213	0
136	1019	0
136	416	0
136	152	0
136	376	0
136	226	0
136	418	0
136	593	0
136	786	0
136	841	0
136	847	0
136	970	0
136	909	0
136	948	0
136	1245	0
137	138	0
137	593	0
137	597	0
137	914	0
137	1932	0
139	140	0
139	202	0
139	339	0
139	391	0
139	401	0
139	459	0
139	153	0
139	554	0
139	541	0
139	551	0
139	581	0
139	841	0
140	194	0
140	152	0
140	376	0
140	153	0
140	206	0
140	418	0
140	415	0
140	605	0
140	609	0
140	786	0
140	797	0
140	864	0
140	1059	0
140	1099	0
140	1226	0
140	1204	0
141	142	0
141	232	0
142	232	0
143	2015	0
143	1172	0
143	1171	0
143	1173	0
143	1174	0
144	145	0
144	226	0
144	228	0
144	418	0
145	719	0
145	388	0
145	525	0
145	786	0
145	1172	0
145	1171	0
145	1173	0
145	1174	0
145	1175	0
145	1228	0
145	2061	0
146	150	0
146	223	0
146	308	0
146	316	0
146	346	0
146	418	0
146	868	0
146	582	0
146	593	0
146	669	0
146	671	0
146	670	0
146	853	0
146	1021	0
146	1386	0
146	1138	0
146	1143	0
146	1204	0
146	1212	0
146	1272	0
146	1373	0
146	147	0
147	310	0
147	1177	0
147	1143	0
147	1311	0
147	1918	0
149	1171	0
149	1173	0
149	1174	0
150	241	0
150	663	0
150	2062	0
150	151	0
151	914	0
152	376	0
152	418	0
152	611	0
152	2063	0
152	593	0
152	609	0
152	909	0
152	1099	0
152	1700	0
153	542	0
153	581	0
153	1058	0
153	1249	0
153	1301	0
153	1478	0
155	161	0
155	166	0
155	174	0
155	177	0
155	429	0
155	697	0
155	688	0
155	860	0
155	838	0
155	956	0
155	1098	0
155	957	0
155	1113	0
156	161	0
156	168	0
156	159	0
156	187	0
156	174	0
156	177	0
156	191	0
156	279	0
156	950	0
156	688	0
156	942	0
156	956	0
156	1098	0
156	1042	0
156	1113	0
156	1157	0
156	1871	0
157	161	0
157	159	0
157	213	0
157	893	0
157	1458	0
158	178	0
158	173	0
158	177	0
158	191	0
158	758	0
158	870	0
158	954	0
158	1098	0
158	1207	0
158	1781	0
158	2027	0
158	1509	0
159	471	0
159	616	0
159	1091	0
159	2064	0
159	160	0
160	471	0
160	184	0
160	656	0
160	2064	0
160	1458	0
160	2065	0
161	166	0
161	188	0
161	187	0
161	175	0
161	177	0
161	180	0
161	193	0
161	211	0
161	226	0
161	461	0
161	276	0
161	274	0
161	279	0
161	318	0
161	333	0
161	466	0
161	418	0
161	424	0
161	535	0
161	528	0
161	566	0
161	586	0
161	602	0
161	798	0
161	609	0
161	643	0
161	951	0
161	653	0
161	952	0
161	729	0
161	759	0
161	758	0
161	1036	0
161	942	0
161	1068	0
161	1034	0
161	1057	0
161	1126	0
161	949	0
161	980	0
161	1093	0
161	1159	0
161	1138	0
161	1145	0
161	1157	0
161	1252	0
161	1213	0
161	1233	0
161	1249	0
161	1347	0
161	1762	0
161	1370	0
161	2066	0
161	2067	0
161	2000	0
161	1529	0
161	1801	0
161	2068	0
161	2069	0
161	1821	0
161	1842	0
161	1871	0
162	469	0
162	226	0
162	238	0
162	239	0
162	429	0
162	539	0
162	846	0
162	684	0
162	790	0
162	892	0
162	917	0
162	919	0
162	1159	0
162	1212	0
162	1415	0
162	1789	0
162	2072	0
163	235	0
163	238	0
164	2073	0
164	209	0
164	235	0
164	238	0
164	239	0
164	684	0
164	786	0
164	1068	0
166	174	0
166	180	0
166	229	0
166	461	0
166	513	0
166	621	0
166	657	0
166	920	0
166	938	0
166	976	0
166	1243	0
166	1347	0
166	1627	0
167	174	0
167	175	0
167	440	0
167	644	0
167	1157	0
167	1530	0
167	1715	0
168	174	0
168	177	0
168	179	0
168	642	0
168	644	0
168	729	0
168	758	0
168	824	0
168	990	0
168	2074	0
168	1871	0
170	178	0
170	171	0
170	173	0
170	177	0
170	191	0
170	949	0
170	1781	0
170	2027	0
171	191	0
171	234	0
171	559	0
171	418	0
171	651	0
171	752	0
171	758	0
171	1024	0
171	873	0
171	892	0
171	1034	0
171	923	0
171	1026	0
171	1157	0
171	1212	0
171	1674	0
171	172	0
172	179	0
172	650	0
172	822	0
172	2075	0
172	1157	0
173	177	0
173	179	0
173	389	0
173	1862	0
173	642	0
173	758	0
173	949	0
173	1674	0
174	175	0
174	177	0
174	191	0
174	180	0
174	192	0
174	466	0
174	491	0
174	493	0
174	609	0
174	621	0
174	643	0
174	952	0
174	688	0
174	730	0
174	758	0
174	805	0
174	1219	0
174	838	0
174	855	0
174	942	0
174	1034	0
174	949	0
174	956	0
174	1098	0
174	1113	0
174	1157	0
174	1252	0
174	1233	0
174	1484	0
174	1550	0
174	1492	0
174	1347	0
174	2066	0
174	2076	0
174	1674	0
174	1871	0
175	279	0
175	318	0
175	440	0
175	644	0
175	811	0
175	954	0
175	1207	0
175	1557	0
176	420	0
176	853	0
176	949	0
177	226	0
177	388	0
177	759	0
177	758	0
177	920	0
177	1219	0
177	880	0
177	949	0
177	1026	0
177	1083	0
177	1145	0
177	1188	0
177	1550	0
177	1347	0
177	2066	0
177	2076	0
177	2077	0
177	1817	0
177	178	0
178	191	0
178	600	0
178	179	0
178	389	0
178	1862	0
178	618	0
178	621	0
178	642	0
178	838	0
178	942	0
178	949	0
178	956	0
178	965	0
178	1550	0
178	1509	0
178	1674	0
178	1719	0
178	2078	0
179	389	0
179	279	0
179	431	0
179	483	0
179	642	0
179	650	0
179	729	0
179	1165	0
179	1252	0
179	1227	0
179	1550	0
179	2079	0
179	2077	0
179	1971	0
179	2080	0
181	208	0
181	209	0
181	367	0
181	304	0
181	303	0
181	305	0
181	378	0
181	423	0
181	535	0
181	467	0
181	621	0
181	623	0
181	703	0
181	729	0
181	717	0
181	864	0
181	869	0
181	949	0
181	959	0
181	988	0
181	1007	0
181	1062	0
181	1065	0
181	1066	0
181	1074	0
181	1084	0
181	1087	0
181	1650	0
181	1910	0
181	1447	0
181	182	0
182	367	0
182	442	0
182	574	0
182	1886	0
184	185	0
184	1042	0
185	386	0
185	1282	0
185	1405	0
186	208	0
186	775	0
186	587	0
186	629	0
186	897	0
186	906	0
186	1294	0
186	934	0
186	1076	0
186	1002	0
186	1112	0
186	1157	0
186	1275	0
186	1213	0
186	1225	0
186	1309	0
186	1330	0
186	1530	0
186	2083	0
186	1593	0
186	1523	0
186	1551	0
186	1726	0
186	1822	0
186	1775	0
187	229	0
187	865	0
187	227	0
187	593	0
187	792	0
187	709	0
187	758	0
187	893	0
187	853	0
187	1157	0
188	229	0
188	209	0
188	227	0
188	226	0
188	424	0
188	1091	0
188	1243	0
188	1343	0
188	1635	0
189	719	0
189	209	0
189	219	0
189	238	0
189	482	0
189	509	0
189	539	0
189	665	0
189	717	0
189	725	0
189	727	0
189	847	0
189	874	0
189	857	0
189	859	0
189	881	0
189	924	0
189	959	0
189	1107	0
189	1152	0
189	1154	0
189	1157	0
189	1171	0
189	1274	0
189	1298	0
189	1299	0
189	1349	0
189	1355	0
189	1433	0
189	1569	0
189	1601	0
189	1674	0
191	192	0
191	415	0
191	722	0
191	1269	0
191	644	0
191	1113	0
191	1171	0
191	1232	0
191	1223	0
191	1243	0
191	1347	0
191	2076	0
191	2084	0
191	1579	0
192	193	0
192	1113	0
193	283	0
194	415	0
194	549	0
194	610	0
194	609	0
194	786	0
194	909	0
194	914	0
194	1058	0
194	1039	0
194	1099	0
195	1068	0
196	1241	0
196	1068	0
197	388	0
197	581	0
197	779	0
197	1292	0
197	1959	0
197	1409	0
197	1619	0
197	1975	0
197	1501	0
197	1666	0
197	1620	0
197	1660	0
197	1729	0
197	198	0
198	226	0
198	228	0
198	1959	0
199	570	0
199	1005	0
199	1007	0
199	1008	0
199	1009	0
199	1011	0
199	1835	0
199	2085	0
199	1082	0
199	1083	0
201	572	0
201	1005	0
201	1011	0
201	1166	0
201	1717	0
201	1835	0
202	418	0
202	553	0
202	560	0
202	609	0
202	1153	0
202	1231	0
203	347	0
203	630	0
203	430	0
203	634	0
203	669	0
203	672	0
203	790	0
203	1064	0
203	1131	0
203	1986	0
203	1153	0
204	430	0
204	670	0
204	1377	0
204	1986	0
205	206	0
205	948	0
205	995	0
205	1164	0
206	375	0
206	1157	0
206	1301	0
207	209	0
207	238	0
207	368	0
207	418	0
207	476	0
207	429	0
207	439	0
207	457	0
207	574	0
207	717	0
207	725	0
207	869	0
207	1061	0
207	1058	0
207	1319	0
207	1340	0
207	1579	0
208	209	0
208	211	0
208	227	0
208	360	0
208	423	0
208	429	0
208	442	0
208	939	0
208	988	0
208	1382	0
208	1092	0
208	1074	0
208	1213	0
208	1910	0
208	1389	0
208	1572	0
209	211	0
209	223	0
209	226	0
209	228	0
209	238	0
209	461	0
209	279	0
209	307	0
209	280	0
209	304	0
209	295	0
209	303	0
209	305	0
209	323	0
209	324	0
209	327	0
209	351	0
209	378	0
209	604	0
209	423	0
209	677	0
209	457	0
209	483	0
209	2091	0
209	535	0
209	654	0
209	726	0
209	537	0
209	574	0
209	618	0
209	621	0
209	623	0
209	628	0
209	629	0
209	650	0
209	666	0
209	678	0
209	682	0
209	703	0
209	705	0
209	688	0
209	729	0
209	714	0
209	1244	0
209	2092	0
209	756	0
209	803	0
209	849	0
209	942	0
209	955	0
209	959	0
209	988	0
209	1092	0
209	1073	0
209	1065	0
209	1066	0
209	1074	0
209	1082	0
209	1086	0
209	1083	0
209	1359	0
209	1087	0
209	1111	0
209	1383	0
209	1116	0
209	1157	0
209	1207	0
209	1274	0
209	1298	0
209	1310	0
209	1319	0
209	1340	0
209	1343	0
209	1910	0
209	2093	0
209	1472	0
209	1432	0
209	2094	0
209	1509	0
209	1529	0
209	1859	0
209	2060	0
209	1733	0
209	2095	0
209	2096	0
209	1891	0
209	210	0
210	382	0
210	959	0
211	233	0
211	226	0
211	228	0
211	476	0
211	429	0
211	836	0
211	841	0
211	1065	0
211	1106	0
213	246	0
213	559	0
213	312	0
213	314	0
213	334	0
213	351	0
213	363	0
213	418	0
213	417	0
213	415	0
213	455	0
213	531	0
213	539	0
213	580	0
213	581	0
213	711	0
213	765	0
213	766	0
213	786	0
213	850	0
213	880	0
213	902	0
213	962	0
213	1058	0
213	1059	0
213	1084	0
213	1085	0
213	1226	0
213	1233	0
213	1223	0
213	1245	0
213	1356	0
213	1570	0
214	246	0
214	849	0
215	246	0
215	377	0
215	418	0
215	415	0
215	581	0
215	711	0
215	709	0
215	786	0
215	797	0
215	962	0
215	1058	0
215	1099	0
215	1226	0
215	1245	0
215	1700	0
215	1699	0
216	227	0
217	218	0
217	1322	0
217	2098	0
218	418	0
218	415	0
218	658	0
218	609	0
218	786	0
218	1033	0
218	948	0
218	1058	0
218	1059	0
218	1231	0
218	1322	0
218	2099	0
218	1441	0
219	220	0
219	509	0
219	581	0
219	609	0
219	786	0
220	343	0
220	418	0
220	454	0
220	567	0
220	569	0
220	570	0
220	572	0
220	580	0
220	581	0
220	593	0
220	609	0
220	616	0
220	847	0
220	909	0
220	924	0
220	1058	0
220	1082	0
220	1083	0
220	1099	0
220	221	0
221	222	0
221	392	0
221	512	0
221	567	0
221	581	0
221	618	0
221	841	0
221	847	0
221	857	0
222	370	0
222	415	0
222	454	0
222	570	0
222	572	0
222	593	0
222	609	0
222	794	0
222	924	0
222	1058	0
222	1083	0
222	1099	0
222	2099	0
223	276	0
223	344	0
223	356	0
223	418	0
223	454	0
223	467	0
223	531	0
223	613	0
223	593	0
223	609	0
223	772	0
223	836	0
223	902	0
223	948	0
223	1070	0
223	1058	0
223	1231	0
223	2052	0
223	1953	0
223	1679	0
223	1954	0
223	1955	0
223	224	0
224	235	0
224	238	0
224	684	0
224	580	0
224	924	0
224	1119	0
224	1058	0
224	1213	0
224	2100	0
225	275	0
225	277	0
225	1599	0
225	2099	0
225	2101	0
226	238	0
226	367	0
226	277	0
226	304	0
226	330	0
226	345	0
226	346	0
226	368	0
226	410	0
226	439	0
226	832	0
226	611	0
226	457	0
226	503	0
226	535	0
226	468	0
226	726	0
226	482	0
226	1160	0
226	582	0
226	528	0
226	720	0
226	539	0
226	574	0
226	676	0
226	635	0
226	2102	0
226	653	0
226	703	0
226	729	0
226	1367	0
226	700	0
226	727	0
226	752	0
226	834	0
226	2075	0
226	894	0
226	1071	0
226	925	0
226	1068	0
226	914	0
226	959	0
226	984	0
226	1062	0
226	1066	0
226	1386	0
226	1074	0
226	1155	0
226	1157	0
226	1207	0
226	1297	0
226	1215	0
226	1233	0
226	1457	0
226	1225	0
226	1293	0
226	1340	0
226	1362	0
226	1353	0
226	1650	0
226	2103	0
226	1567	0
226	1674	0
226	1013	0
226	2104	0
226	1932	0
227	228	0
227	367	0
227	478	0
227	2106	0
227	866	0
227	303	0
227	492	0
227	361	0
227	415	0
227	578	0
227	621	0
227	624	0
227	1265	0
227	635	0
227	651	0
227	653	0
227	700	0
227	783	0
227	1244	0
227	803	0
227	864	0
227	869	0
227	880	0
227	873	0
227	1000	0
227	877	0
227	2107	0
227	962	0
227	1025	0
227	1082	0
227	1359	0
227	1107	0
227	1694	0
227	1274	0
227	1288	0
227	1385	0
227	1389	0
227	1623	0
227	1854	0
227	2108	0
228	345	0
228	346	0
228	368	0
228	439	0
228	457	0
228	503	0
228	535	0
228	482	0
228	528	0
228	729	0
228	1367	0
228	700	0
228	752	0
228	834	0
228	894	0
228	925	0
228	1068	0
228	914	0
228	1066	0
228	1386	0
228	1215	0
228	2103	0
228	1674	0
229	388	0
229	623	0
229	951	0
229	959	0
229	1157	0
229	1444	0
230	1440	0
230	361	0
230	656	0
230	779	0
230	665	0
230	1870	0
230	701	0
230	752	0
230	753	0
230	786	0
230	841	0
230	970	0
230	874	0
230	858	0
230	881	0
230	992	0
230	1093	0
230	1157	0
230	1226	0
230	1215	0
230	1415	0
230	1683	0
230	1501	0
230	1572	0
230	2110	0
230	2111	0
230	2006	0
230	2112	0
230	2007	0
232	418	0
232	572	0
232	593	0
232	609	0
232	786	0
232	882	0
232	924	0
232	1084	0
232	1085	0
232	1183	0
233	238	0
233	778	0
233	587	0
233	872	0
233	882	0
233	1071	0
233	1168	0
233	1157	0
233	1334	0
233	1933	0
234	238	0
234	277	0
234	1071	0
234	1157	0
235	238	0
235	684	0
235	790	0
235	892	0
235	1292	0
236	238	0
236	311	0
236	418	0
236	531	0
236	580	0
236	593	0
236	1245	0
237	238	0
237	2115	0
238	239	0
238	277	0
238	305	0
238	315	0
238	342	0
238	378	0
238	363	0
238	418	0
238	429	0
238	509	0
238	580	0
238	618	0
238	621	0
238	623	0
238	659	0
238	717	0
238	772	0
238	786	0
238	790	0
238	1982	0
238	892	0
238	1071	0
238	1068	0
238	909	0
238	1176	0
238	917	0
238	1016	0
238	918	0
238	919	0
238	1684	0
238	1216	0
238	1110	0
238	1111	0
238	1138	0
238	1212	0
238	2116	0
238	1599	0
238	1415	0
238	1478	0
238	1472	0
238	2117	0
238	1509	0
238	1721	0
238	2118	0
239	418	0
239	593	0
239	892	0
239	1071	0
239	1789	0
240	504	0
240	736	0
240	795	0
240	1004	0
240	2119	0
241	461	0
241	582	0
241	519	0
241	585	0
241	795	0
241	1061	0
241	2119	0
241	242	0
242	597	0
242	786	0
243	699	0
243	700	0
243	701	0
243	929	0
244	618	0
244	621	0
246	559	0
246	344	0
246	338	0
246	417	0
246	415	0
246	455	0
246	499	0
246	531	0
246	581	0
246	609	0
246	765	0
246	786	0
246	1033	0
246	924	0
246	1058	0
246	1059	0
246	1084	0
246	1085	0
246	1099	0
246	1184	0
246	1215	0
246	1246	0
246	1570	0
246	1700	0
247	248	0
247	556	0
247	1150	0
248	418	0
248	593	0
248	2123	0
249	864	0
249	869	0
249	1154	0
249	1325	0
249	1334	0
249	2124	0
251	457	0
251	825	0
251	906	0
251	1513	0
251	934	0
251	1726	0
252	430	0
252	670	0
252	1377	0
253	1837	0
255	256	0
255	441	0
256	278	0
256	1113	0
256	1282	0
257	475	0
257	631	0
257	574	0
257	758	0
257	1050	0
257	1566	0
257	1529	0
257	2127	0
258	2109	0
259	327	0
259	446	0
261	1524	0
262	1524	0
262	2129	0
263	802	0
264	1154	0
265	1054	0
265	1469	0
266	457	0
266	503	0
266	758	0
266	949	0
266	1188	0
267	336	0
267	529	0
267	2086	0
267	914	0
267	1009	0
267	1166	0
267	2087	0
267	1020	0
267	1258	0
268	370	0
268	1001	0
268	983	0
268	793	0
268	834	0
268	976	0
268	980	0
268	1146	0
268	1145	0
268	1361	0
268	1213	0
268	1268	0
268	1530	0
268	1368	0
268	1362	0
268	1838	0
268	1852	0
269	814	0
269	939	0
269	1176	0
269	1074	0
270	863	0
270	938	0
270	1531	0
271	850	0
271	2137	0
271	1624	0
271	1692	0
271	2140	0
272	368	0
272	574	0
272	717	0
272	725	0
272	938	0
272	959	0
273	305	0
273	415	0
273	739	0
275	1982	0
275	841	0
275	847	0
275	970	0
275	929	0
275	1157	0
275	1171	0
275	1437	0
275	1668	0
275	1595	0
275	2003	0
275	1761	0
275	1891	0
275	2142	0
275	1909	0
276	277	0
276	356	0
276	415	0
276	560	0
276	563	0
276	618	0
276	621	0
276	847	0
276	849	0
276	970	0
276	1138	0
276	2143	0
276	2124	0
277	428	0
277	1982	0
277	822	0
277	1492	0
277	2144	0
278	279	0
278	457	0
278	1222	0
279	951	0
279	811	0
279	717	0
279	923	0
279	949	0
279	1113	0
279	1062	0
279	1161	0
279	1711	0
279	1158	0
279	2145	0
279	1157	0
279	1430	0
279	1274	0
279	1545	0
279	1347	0
279	2094	0
279	1564	0
280	756	0
281	742	0
282	642	0
282	1389	0
282	1612	0
283	1001	0
283	905	0
283	618	0
283	623	0
283	667	0
283	811	0
283	774	0
283	1097	0
283	1147	0
283	849	0
283	1513	0
283	928	0
283	980	0
283	1146	0
283	1198	0
283	1483	0
283	1568	0
283	1782	0
283	1463	0
283	1760	0
283	1765	0
283	1838	0
283	284	0
283	285	0
284	1546	0
287	400	0
287	593	0
287	2146	0
287	1678	0
288	311	0
288	1176	0
288	971	0
288	1143	0
289	311	0
289	422	0
289	772	0
289	1176	0
289	971	0
289	2149	0
290	864	0
290	869	0
290	875	0
290	1082	0
290	1099	0
290	1245	0
292	383	0
292	1062	0
292	1157	0
292	1340	0
292	2093	0
292	1586	0
292	1708	0
293	879	0
293	980	0
293	1386	0
293	1249	0
293	1329	0
293	1514	0
294	295	0
294	849	0
294	881	0
294	1362	0
294	2151	0
294	1635	0
294	1872	0
295	1362	0
296	1843	0
296	2152	0
296	816	0
297	2152	0
297	311	0
298	299	0
298	300	0
298	803	0
298	841	0
298	847	0
298	970	0
298	1413	0
299	989	0
299	753	0
299	1656	0
299	1665	0
299	1680	0
300	989	0
300	1041	0
301	1131	0
301	1133	0
301	1135	0
301	1138	0
301	1538	0
302	1206	0
302	1203	0
303	305	0
303	368	0
303	415	0
303	495	0
303	491	0
303	493	0
303	864	0
303	869	0
303	880	0
303	1308	0
303	879	0
303	873	0
303	1000	0
303	1074	0
303	1420	0
304	305	0
304	574	0
304	2154	0
304	714	0
304	959	0
304	1062	0
304	1157	0
305	323	0
305	324	0
305	2155	0
305	466	0
305	814	0
305	677	0
305	483	0
305	463	0
305	465	0
305	726	0
305	761	0
305	721	0
305	720	0
305	537	0
305	574	0
305	617	0
305	618	0
305	621	0
305	623	0
305	624	0
305	628	0
305	650	0
305	951	0
305	651	0
305	653	0
305	697	0
305	703	0
305	688	0
305	729	0
305	860	0
305	783	0
305	714	0
305	739	0
305	758	0
305	803	0
305	851	0
305	849	0
305	873	0
305	942	0
305	986	0
305	949	0
305	959	0
305	978	0
305	1002	0
305	1026	0
305	1062	0
305	1161	0
305	1082	0
305	1083	0
305	1084	0
305	1085	0
305	1087	0
305	1112	0
305	1110	0
305	1111	0
305	1383	0
305	1116	0
305	1157	0
305	1430	0
305	1188	0
305	1200	0
305	1326	0
305	1249	0
305	1274	0
305	1317	0
305	1319	0
305	1343	0
305	1910	0
305	1407	0
305	1739	0
305	1510	0
305	1509	0
305	1727	0
305	1800	0
305	1777	0
305	2156	0
305	1721	0
305	2095	0
305	2096	0
305	1891	0
305	2157	0
305	2158	0
305	2159	0
305	306	0
305	307	0
306	457	0
306	1759	0
307	621	0
307	956	0
307	1098	0
307	1158	0
307	1223	0
308	310	0
308	621	0
308	847	0
308	1267	0
308	1239	0
308	1203	0
308	1276	0
308	1595	0
308	2160	0
309	310	0
309	397	0
309	552	0
309	902	0
309	1153	0
310	785	0
311	368	0
311	415	0
311	711	0
311	902	0
311	948	0
311	1217	0
311	1017	0
311	1204	0
311	1683	0
311	1485	0
312	418	0
312	948	0
312	1217	0
313	560	0
313	563	0
313	1058	0
313	1059	0
313	1961	0
314	473	0
314	709	0
314	1350	0
314	1878	0
314	1409	0
314	1666	0
315	334	0
315	415	0
315	482	0
315	517	0
315	551	0
315	562	0
315	572	0
315	684	0
315	605	0
315	752	0
315	786	0
315	1033	0
315	902	0
315	1058	0
315	1059	0
315	1129	0
315	1953	0
315	1789	0
316	599	0
316	1054	0
316	1084	0
316	1128	0
316	1129	0
316	317	0
317	1131	0
317	1133	0
317	1135	0
317	1208	0
318	440	0
318	320	0
318	934	0
318	937	0
319	1571	0
320	441	0
320	327	0
320	2162	0
320	758	0
321	324	0
321	385	0
321	574	0
321	1065	0
322	849	0
322	1319	0
323	324	0
323	368	0
323	603	0
323	423	0
323	574	0
323	621	0
323	628	0
323	717	0
323	756	0
323	864	0
323	869	0
323	876	0
323	1062	0
323	1192	0
323	1085	0
323	1087	0
323	1424	0
324	603	0
324	423	0
324	574	0
324	1085	0
324	2164	0
324	1424	0
325	385	0
325	1275	0
325	1435	0
325	1664	0
325	1655	0
326	327	0
327	334	0
327	385	0
327	535	0
327	617	0
327	623	0
327	896	0
327	1981	0
327	1169	0
327	850	0
327	973	0
327	841	0
327	986	0
327	1516	0
327	1271	0
327	1260	0
327	1968	0
327	2165	0
327	2166	0
327	1563	0
327	2167	0
327	1799	0
327	1764	0
327	2168	0
327	1856	0
327	1306	0
327	1918	0
327	1913	0
327	2169	0
328	1491	0
329	1354	0
329	330	0
329	451	0
329	582	0
329	585	0
329	816	0
329	1018	0
329	1020	0
329	1153	0
329	1205	0
329	1258	0
331	2170	0
331	361	0
331	799	0
332	333	0
332	380	0
332	509	0
333	380	0
333	1067	0
333	1082	0
334	353	0
334	363	0
334	418	0
334	415	0
334	568	0
334	556	0
334	560	0
334	570	0
334	572	0
334	593	0
334	609	0
334	656	0
334	769	0
334	786	0
334	849	0
334	902	0
334	909	0
334	924	0
334	948	0
334	1058	0
334	1083	0
334	1099	0
334	1226	0
334	1245	0
334	1378	0
334	1445	0
334	2000	0
334	1485	0
334	2173	0
334	1997	0
334	1926	0
335	380	0
336	1097	0
337	2175	0
338	454	0
338	1099	0
339	593	0
339	772	0
340	609	0
340	797	0
340	1099	0
342	539	0
342	570	0
342	684	0
342	1083	0
343	525	0
343	539	0
343	570	0
343	572	0
343	786	0
343	948	0
343	1083	0
343	1356	0
343	2177	0
343	344	0
344	356	0
344	418	0
344	454	0
344	531	0
344	556	0
344	560	0
344	563	0
344	846	0
344	581	0
344	593	0
344	609	0
344	1045	0
344	711	0
344	909	0
344	948	0
344	962	0
344	1058	0
344	1118	0
344	1231	0
344	2049	0
345	351	0
345	353	0
345	2178	0
345	1338	0
346	351	0
346	353	0
346	475	0
346	1092	0
346	1018	0
346	1017	0
346	1297	0
346	2179	0
346	1338	0
346	1734	0
346	1718	0
347	1285	0
348	1032	0
348	1064	0
348	1153	0
349	351	0
349	353	0
351	415	0
351	587	0
351	673	0
351	698	0
351	786	0
351	1033	0
351	988	0
351	1101	0
351	1058	0
351	1044	0
351	1059	0
351	1338	0
351	1489	0
351	352	0
352	353	0
353	415	0
353	450	0
353	1082	0
353	1083	0
353	1708	0
353	354	0
354	585	0
354	1064	0
355	356	0
355	609	0
355	1022	0
356	611	0
356	902	0
356	1046	0
356	1099	0
356	1207	0
356	1215	0
359	365	0
359	545	0
359	580	0
360	378	0
360	1243	0
361	362	0
361	421	0
361	563	0
361	846	0
361	602	0
361	621	0
361	637	0
361	892	0
361	1071	0
361	929	0
361	1303	0
361	1021	0
361	1025	0
361	1171	0
361	1999	0
361	1291	0
361	2185	0
361	2050	0
362	892	0
362	1071	0
362	1178	0
362	1827	0
363	418	0
363	415	0
363	580	0
363	711	0
363	777	0
363	797	0
363	902	0
363	924	0
363	1058	0
363	1082	0
363	1083	0
363	1208	0
363	1209	0
363	1231	0
363	1338	0
364	774	0
365	415	0
365	551	0
365	580	0
365	902	0
365	924	0
365	1058	0
365	1210	0
365	1827	0
366	430	0
367	368	0
367	574	0
367	619	0
367	1418	0
367	1886	0
368	442	0
368	574	0
368	578	0
368	619	0
368	602	0
368	621	0
368	628	0
368	872	0
368	717	0
368	836	0
368	864	0
368	949	0
368	959	0
368	988	0
368	1082	0
368	1107	0
368	1275	0
368	1200	0
368	1220	0
368	1319	0
368	1433	0
370	371	0
370	818	0
371	585	0
371	906	0
371	1341	0
373	475	0
373	631	0
373	898	0
373	959	0
373	1061	0
373	1065	0
373	1271	0
374	418	0
374	454	0
374	609	0
374	786	0
374	1058	0
374	1099	0
375	418	0
375	557	0
375	556	0
376	418	0
376	593	0
376	609	0
376	902	0
376	909	0
376	1099	0
376	1245	0
377	418	0
377	610	0
377	1045	0
377	1202	0
377	1215	0
377	2187	0
378	429	0
378	621	0
378	623	0
378	752	0
379	388	0
379	929	0
379	1775	0
380	453	0
380	2188	0
381	822	0
381	845	0
381	852	0
382	905	0
382	1542	0
382	874	0
382	1307	0
382	980	0
382	1145	0
382	1305	0
382	1838	0
383	488	0
383	1879	0
385	604	0
385	2103	0
386	387	0
386	513	0
386	785	0
388	621	0
388	624	0
388	697	0
388	739	0
388	758	0
388	772	0
388	1296	0
388	2121	0
388	810	0
388	813	0
388	859	0
388	880	0
388	955	0
388	1041	0
388	1120	0
388	1121	0
388	1157	0
388	1226	0
388	1227	0
388	1228	0
388	1347	0
388	1751	0
388	1653	0
388	2190	0
389	1157	0
389	1724	0
390	706	0
390	1546	0
392	415	0
392	539	0
392	570	0
392	572	0
392	786	0
392	1034	0
392	909	0
392	924	0
392	1058	0
392	1083	0
392	1084	0
392	1085	0
392	1184	0
392	1322	0
392	1357	0
392	2099	0
397	402	0
397	2192	0
397	1393	0
397	1234	0
397	2040	0
397	1070	0
397	1178	0
397	1258	0
397	2117	0
397	2193	0
397	398	0
398	400	0
398	766	0
399	505	0
400	521	0
400	971	0
400	1234	0
400	2040	0
400	1070	0
400	1178	0
400	2194	0
400	2117	0
400	2193	0
400	401	0
401	623	0
402	1393	0
402	1234	0
402	1070	0
402	1178	0
402	2194	0
402	2117	0
402	2193	0
403	404	0
404	580	0
404	787	0
404	1004	0
404	1393	0
404	1234	0
404	2195	0
404	1070	0
404	1178	0
404	2194	0
404	2002	0
405	1004	0
405	1178	0
405	2196	0
406	849	0
406	1234	0
406	2040	0
407	940	0
407	675	0
407	2197	0
407	1582	0
407	1114	0
407	1845	0
409	940	0
409	675	0
409	2197	0
409	938	0
409	2198	0
410	582	0
410	411	0
411	1189	0
413	1518	0
415	455	0
415	513	0
415	512	0
415	553	0
415	539	0
415	562	0
415	565	0
415	570	0
415	572	0
415	580	0
415	581	0
415	610	0
415	1045	0
415	659	0
415	744	0
415	752	0
415	766	0
415	911	0
415	786	0
415	1033	0
415	838	0
415	864	0
415	894	0
415	902	0
415	1068	0
415	909	0
415	924	0
415	913	0
415	914	0
415	915	0
415	948	0
415	962	0
415	988	0
415	999	0
415	1009	0
415	1023	0
415	1101	0
415	1058	0
415	1059	0
415	1099	0
415	1154	0
415	1226	0
415	1204	0
415	1215	0
415	1245	0
415	1317	0
415	2187	0
415	1322	0
415	1356	0
415	1345	0
415	1365	0
415	1715	0
415	1961	0
415	1501	0
415	2001	0
415	1502	0
415	1529	0
415	1570	0
415	1643	0
415	2052	0
415	1679	0
415	1700	0
415	1699	0
415	1954	0
415	1883	0
415	2098	0
415	416	0
415	417	0
416	909	0
416	1700	0
417	531	0
417	659	0
417	766	0
417	786	0
417	797	0
417	864	0
417	869	0
417	870	0
417	924	0
417	962	0
417	1058	0
417	1059	0
417	1441	0
417	1953	0
418	467	0
418	513	0
418	512	0
418	568	0
418	539	0
418	562	0
418	565	0
418	566	0
418	572	0
418	684	0
418	580	0
418	581	0
418	610	0
418	1045	0
418	698	0
418	766	0
418	772	0
418	786	0
418	1033	0
418	1097	0
418	797	0
418	849	0
418	852	0
418	855	0
418	857	0
418	858	0
418	902	0
418	924	0
418	913	0
418	914	0
418	915	0
418	917	0
418	1684	0
418	938	0
418	1101	0
418	1058	0
418	1046	0
418	1059	0
418	1082	0
418	1099	0
418	1142	0
418	1203	0
418	1183	0
418	1184	0
418	1230	0
418	1226	0
418	1215	0
418	1245	0
418	2187	0
418	1322	0
418	1501	0
418	1603	0
418	1529	0
418	2200	0
418	1672	0
418	1643	0
418	1679	0
418	1704	0
418	1954	0
418	1955	0
418	1942	0
418	2098	0
419	2201	0
420	517	0
420	688	0
420	860	0
420	717	0
420	949	0
420	959	0
420	1113	0
420	1157	0
420	1171	0
420	1492	0
420	2202	0
420	2203	0
420	2057	0
423	482	0
423	571	0
423	574	0
423	621	0
423	650	0
423	717	0
423	725	0
423	810	0
423	813	0
423	836	0
423	859	0
423	864	0
423	880	0
423	938	0
423	959	0
423	1081	0
423	1083	0
423	1084	0
423	1085	0
423	1157	0
423	1188	0
423	1526	0
423	1275	0
423	1249	0
423	1256	0
423	1319	0
423	1757	0
423	1424	0
423	1433	0
423	1509	0
423	2204	0
423	1977	0
423	424	0
424	761	0
424	792	0
424	657	0
424	1232	0
424	1266	0
424	1250	0
424	1537	0
425	521	0
425	670	0
426	427	0
426	799	0
427	521	0
427	799	0
428	429	0
428	1094	0
429	832	0
429	589	0
429	555	0
429	750	0
429	641	0
429	729	0
429	717	0
429	739	0
429	836	0
429	847	0
429	858	0
429	892	0
429	902	0
429	1068	0
429	1047	0
429	1157	0
429	1599	0
429	1293	0
429	1298	0
429	2206	0
429	1707	0
430	543	0
430	582	0
430	541	0
430	542	0
430	551	0
430	560	0
430	1130	0
430	846	0
430	623	0
430	670	0
430	1945	0
430	1140	0
430	790	0
430	1017	0
430	1020	0
430	1041	0
430	1064	0
430	1986	0
430	1153	0
430	1178	0
430	1291	0
430	1944	0
430	2207	0
430	1775	0
431	1665	0
432	438	0
434	435	0
436	880	0
436	906	0
436	1171	0
439	1106	0
440	811	0
440	937	0
440	1157	0
440	1222	0
441	1157	0
441	1571	0
442	574	0
442	1432	0
443	572	0
443	618	0
443	729	0
443	725	0
443	939	0
443	869	0
443	1074	0
443	1082	0
443	1083	0
443	1326	0
443	1340	0
443	1420	0
443	1607	0
444	501	0
444	1083	0
444	1108	0
445	778	0
445	798	0
445	1026	0
446	506	0
446	798	0
446	859	0
446	902	0
446	928	0
446	1225	0
446	2211	0
446	2046	0
447	697	0
447	860	0
447	819	0
447	1430	0
447	2212	0
449	450	0
449	549	0
452	574	0
452	1423	0
452	820	0
452	1062	0
452	1293	0
452	2213	0
452	453	0
453	1687	0
453	1907	0
453	1900	0
454	467	0
454	517	0
454	581	0
454	610	0
454	772	0
454	788	0
454	786	0
454	1033	0
454	1097	0
454	797	0
454	948	0
454	1059	0
454	1083	0
454	1188	0
454	1226	0
454	1215	0
454	1246	0
454	2009	0
454	1529	0
454	1643	0
454	1699	0
454	455	0
455	513	0
455	1875	0
455	1058	0
455	1751	0
456	457	0
456	1076	0
456	1078	0
456	1424	0
457	503	0
457	738	0
457	761	0
457	618	0
457	650	0
457	717	0
457	727	0
457	758	0
457	803	0
457	942	0
457	933	0
457	945	0
457	949	0
457	1339	0
457	955	0
457	956	0
457	1098	0
457	959	0
457	965	0
457	1002	0
457	1062	0
457	1161	0
457	1086	0
457	1083	0
457	1112	0
457	1156	0
457	1249	0
457	1340	0
457	1715	0
457	1433	0
457	1435	0
457	1593	0
457	1510	0
457	1670	0
457	1664	0
457	2214	0
459	553	0
459	605	0
461	949	0
461	1002	0
461	1343	0
461	1586	0
463	836	0
463	841	0
463	1092	0
463	1343	0
464	535	0
464	717	0
464	949	0
464	957	0
464	1062	0
465	803	0
465	815	0
465	864	0
465	988	0
465	1092	0
465	1073	0
465	1274	0
465	1319	0
465	1343	0
465	1910	0
465	1433	0
465	1509	0
466	758	0
466	931	0
466	1227	0
467	475	0
467	565	0
467	609	0
467	757	0
467	849	0
467	1024	0
467	1076	0
467	1078	0
467	1226	0
467	1441	0
467	2219	0
467	1528	0
467	1529	0
467	2220	0
467	1928	0
467	1932	0
468	1052	0
468	1291	0
468	1932	0
469	587	0
469	828	0
469	943	0
469	1082	0
470	903	0
470	822	0
471	616	0
471	618	0
471	621	0
471	828	0
471	1041	0
471	2064	0
473	884	0
473	1223	0
473	1740	0
473	1903	0
474	475	0
474	1050	0
474	1355	0
475	499	0
475	631	0
475	1082	0
475	1157	0
475	1398	0
475	1274	0
475	1319	0
475	1509	0
475	1528	0
475	1529	0
475	1885	0
475	2089	0
476	641	0
476	836	0
476	841	0
476	847	0
476	849	0
476	970	0
476	858	0
476	1047	0
476	2221	0
478	864	0
478	869	0
478	880	0
478	999	0
479	487	0
481	482	0
481	1994	0
481	1384	0
482	509	0
482	532	0
482	580	0
482	729	0
482	769	0
482	920	0
482	828	0
482	859	0
482	864	0
482	881	0
482	938	0
482	1403	0
482	1083	0
482	1121	0
482	1154	0
482	1157	0
482	1256	0
482	1298	0
482	1327	0
482	1355	0
482	2151	0
482	1454	0
482	1713	0
482	1674	0
482	2222	0
482	483	0
483	574	0
483	650	0
483	1542	0
483	869	0
483	1157	0
483	1291	0
483	1256	0
483	1319	0
483	1509	0
483	1579	0
485	1001	0
485	834	0
485	1268	0
485	1838	0
486	580	0
486	971	0
486	1178	0
487	894	0
487	1178	0
487	1214	0
487	1376	0
487	2151	0
487	1480	0
487	1551	0
487	2223	0
488	1994	0
489	514	0
489	547	0
489	558	0
489	556	0
489	681	0
489	1270	0
489	1212	0
490	495	0
490	491	0
490	493	0
490	572	0
490	841	0
490	1083	0
491	1160	0
491	756	0
491	949	0
491	956	0
491	1098	0
491	1110	0
491	1111	0
491	1383	0
491	2165	0
491	492	0
492	880	0
492	879	0
492	1111	0
492	1310	0
493	1160	0
493	756	0
493	1110	0
493	1111	0
493	1383	0
494	2224	0
495	1160	0
495	1110	0
495	1111	0
495	1383	0
496	498	0
496	627	0
497	498	0
499	500	0
499	593	0
499	786	0
499	836	0
499	864	0
499	909	0
499	924	0
499	914	0
499	1086	0
499	1083	0
499	1184	0
499	1245	0
499	1627	0
500	570	0
500	847	0
500	1082	0
500	1086	0
500	1083	0
500	1184	0
501	502	0
501	571	0
502	571	0
502	570	0
502	572	0
502	924	0
502	929	0
502	1082	0
502	1322	0
503	974	0
503	761	0
503	615	0
503	843	0
503	803	0
503	834	0
503	942	0
503	1339	0
503	955	0
503	959	0
503	969	0
503	1062	0
503	1161	0
503	1083	0
503	1326	0
503	1715	0
503	1593	0
503	1727	0
503	1710	0
503	1664	0
503	2226	0
504	1123	0
504	582	0
505	519	0
505	521	0
505	850	0
505	1393	0
505	1070	0
505	1178	0
505	1203	0
505	2194	0
505	2117	0
505	2193	0
506	795	0
506	2041	0
506	1620	0
506	1660	0
506	1013	0
509	539	0
509	665	0
509	717	0
509	725	0
509	727	0
509	847	0
509	857	0
509	858	0
509	881	0
509	959	0
509	1107	0
509	1152	0
509	1154	0
509	1171	0
509	1274	0
509	1298	0
509	1299	0
509	1380	0
509	1355	0
509	2151	0
509	1569	0
509	1674	0
510	511	0
510	533	0
510	673	0
510	2229	0
511	533	0
511	1257	0
511	690	0
511	786	0
512	514	0
512	527	0
512	1100	0
512	570	0
512	593	0
512	609	0
512	786	0
512	909	0
512	938	0
512	1058	0
512	1082	0
512	1083	0
512	1084	0
512	1085	0
512	1099	0
512	1322	0
512	1323	0
512	2099	0
513	531	0
513	532	0
513	597	0
513	1014	0
513	764	0
513	787	0
513	784	0
513	911	0
513	786	0
513	874	0
513	858	0
513	880	0
513	873	0
513	938	0
513	946	0
513	948	0
513	1059	0
513	1143	0
513	1226	0
513	1282	0
513	1469	0
513	2230	0
513	1876	0
514	525	0
514	518	0
514	568	0
514	527	0
514	1100	0
514	570	0
514	1016	0
514	1058	0
514	1082	0
514	1084	0
515	516	0
515	517	0
515	1249	0
516	517	0
516	1083	0
516	2232	0
517	570	0
517	598	0
517	749	0
517	1377	0
517	911	0
517	1097	0
517	849	0
517	909	0
517	924	0
517	1083	0
517	1184	0
517	1226	0
517	2099	0
517	2233	0
518	568	0
519	521	0
519	670	0
519	1008	0
519	1018	0
520	521	0
521	816	0
521	822	0
521	2205	0
521	1403	0
521	1596	0
522	1703	0
522	570	0
524	1359	0
525	526	0
525	2133	0
525	539	0
525	570	0
525	572	0
525	700	0
525	858	0
525	909	0
525	924	0
525	1058	0
525	1087	0
525	1356	0
525	2234	0
526	2133	0
526	2231	0
526	786	0
526	1205	0
527	1100	0
528	2131	0
528	863	0
530	658	0
530	1792	0
530	609	0
530	864	0
530	869	0
530	909	0
530	1572	0
531	539	0
531	570	0
531	572	0
531	616	0
531	618	0
531	2239	0
531	786	0
531	841	0
531	849	0
531	869	0
531	902	0
531	1068	0
531	1034	0
531	909	0
531	924	0
531	914	0
531	917	0
531	938	0
531	948	0
531	1058	0
531	1084	0
531	1085	0
531	1226	0
531	1321	0
531	1322	0
531	1356	0
531	1357	0
531	2099	0
531	1495	0
531	2001	0
531	1529	0
532	558	0
532	690	0
532	874	0
532	858	0
532	880	0
532	1083	0
532	1107	0
532	1150	0
532	1175	0
532	1275	0
532	1334	0
532	1990	0
532	1809	0
532	2240	0
532	1909	0
532	533	0
533	690	0
533	786	0
533	929	0
533	1083	0
533	2229	0
533	1678	0
533	1775	0
534	553	0
534	541	0
534	671	0
535	721	0
535	574	0
535	730	0
535	993	0
535	1061	0
535	1062	0
535	1074	0
536	721	0
536	720	0
536	1065	0
536	1175	0
536	1395	0
537	691	0
537	885	0
537	959	0
537	1454	0
538	692	0
539	570	0
539	572	0
539	769	0
539	786	0
539	1033	0
539	849	0
539	970	0
539	857	0
539	858	0
539	864	0
539	880	0
539	879	0
539	902	0
539	1068	0
539	924	0
539	914	0
539	917	0
539	934	0
539	976	0
539	1058	0
539	1184	0
539	1243	0
539	1321	0
539	1322	0
539	2099	0
539	1940	0
539	2242	0
540	634	0
540	1034	0
540	1956	0
541	605	0
541	1515	0
541	2243	0
541	1863	0
542	846	0
542	605	0
542	836	0
542	1272	0
542	1445	0
542	2244	0
543	551	0
543	1119	0
545	1386	0
546	547	0
546	556	0
546	681	0
546	857	0
546	1212	0
546	1249	0
547	914	0
547	2245	0
547	1461	0
548	558	0
548	556	0
548	681	0
548	1212	0
549	558	0
549	556	0
550	552	0
550	563	0
551	560	0
551	563	0
551	772	0
551	1386	0
552	560	0
552	563	0
552	1130	0
552	1132	0
552	673	0
552	1010	0
552	765	0
552	902	0
552	1386	0
552	1131	0
552	1142	0
553	562	0
553	605	0
553	849	0
554	669	0
554	1956	0
555	556	0
555	560	0
555	863	0
555	769	0
555	2246	0
556	605	0
556	585	0
556	841	0
556	847	0
556	849	0
556	855	0
556	902	0
556	1099	0
556	2245	0
556	1396	0
556	1878	0
556	2247	0
556	1392	0
556	1461	0
556	2200	0
556	557	0
556	558	0
556	559	0
558	1097	0
558	1142	0
559	560	0
559	563	0
559	846	0
559	924	0
559	1038	0
560	580	0
560	765	0
560	766	0
560	769	0
560	772	0
560	902	0
560	1058	0
560	1153	0
560	1142	0
560	1297	0
560	1878	0
561	562	0
561	602	0
562	659	0
562	841	0
562	849	0
562	902	0
562	1058	0
562	1213	0
562	1231	0
562	1789	0
563	1878	0
563	1972	0
564	846	0
565	593	0
565	610	0
565	623	0
565	797	0
565	1215	0
565	1322	0
565	1529	0
565	1700	0
566	1177	0
566	609	0
566	836	0
566	939	0
566	1919	0
566	2248	0
567	570	0
567	572	0
568	570	0
568	609	0
568	786	0
568	1083	0
568	1084	0
568	1085	0
569	570	0
569	572	0
570	765	0
570	766	0
570	786	0
570	1097	0
570	797	0
570	858	0
570	1034	0
570	909	0
570	924	0
570	914	0
570	938	0
570	1082	0
570	1086	0
570	1083	0
570	1084	0
570	1087	0
570	1099	0
570	1118	0
570	1154	0
570	1178	0
570	1184	0
570	1258	0
570	1364	0
570	1322	0
570	1356	0
570	2099	0
570	2233	0
570	1834	0
570	2249	0
571	572	0
571	1394	0
572	581	0
572	609	0
572	910	0
572	727	0
572	766	0
572	786	0
572	790	0
572	797	0
572	822	0
572	823	0
572	882	0
572	902	0
572	1068	0
572	909	0
572	924	0
572	914	0
572	938	0
572	1058	0
572	1082	0
572	1086	0
572	1083	0
572	1084	0
572	1085	0
572	1118	0
572	1154	0
572	1178	0
572	1226	0
572	1231	0
572	1258	0
572	1364	0
572	1322	0
572	1356	0
572	2099	0
572	1394	0
572	2233	0
572	2249	0
573	574	0
573	803	0
573	864	0
573	1065	0
573	1083	0
573	1249	0
573	1340	0
574	618	0
574	621	0
574	623	0
574	628	0
574	730	0
574	854	0
574	859	0
574	869	0
574	880	0
574	1308	0
574	879	0
574	1024	0
574	2056	0
574	949	0
574	959	0
574	1062	0
574	1065	0
574	1066	0
574	1082	0
574	1083	0
574	1359	0
574	1116	0
574	1155	0
574	1275	0
574	1207	0
574	1274	0
574	1310	0
574	1319	0
574	1340	0
574	2251	0
574	1509	0
574	1579	0
574	2252	0
574	1013	0
574	575	0
574	576	0
575	803	0
576	578	0
576	619	0
577	578	0
577	619	0
578	621	0
578	623	0
578	880	0
579	618	0
579	621	0
579	786	0
580	711	0
580	797	0
580	909	0
580	924	0
580	948	0
580	1058	0
580	1082	0
580	2253	0
580	1208	0
580	1210	0
580	1231	0
580	1415	0
580	1338	0
581	593	0
581	609	0
581	911	0
581	786	0
581	1033	0
581	841	0
581	847	0
581	909	0
581	924	0
581	1967	0
581	948	0
581	1082	0
581	1084	0
581	1085	0
581	1118	0
581	1231	0
581	1322	0
581	1495	0
581	1441	0
581	2234	0
581	2117	0
581	1672	0
581	2173	0
581	2254	0
581	2008	0
582	587	0
582	669	0
582	673	0
582	799	0
582	1061	0
582	1708	0
584	585	0
584	2119	0
585	1097	0
585	799	0
585	1153	0
585	1297	0
587	722	0
587	618	0
587	621	0
587	818	0
587	730	0
587	942	0
587	906	0
587	1034	0
587	943	0
587	944	0
587	984	0
587	1050	0
587	1157	0
587	1449	0
587	2084	0
587	2221	0
587	2255	0
588	943	0
588	944	0
588	984	0
588	1505	0
588	1449	0
588	1566	0
588	589	0
589	595	0
589	757	0
589	836	0
589	1076	0
589	1376	0
589	1665	0
589	1932	0
592	798	0
592	1077	0
592	1588	0
592	1653	0
593	610	0
593	1045	0
593	727	0
593	739	0
593	772	0
593	787	0
593	786	0
593	797	0
593	836	0
593	841	0
593	849	0
593	857	0
593	864	0
593	869	0
593	902	0
593	909	0
593	924	0
593	914	0
593	917	0
593	938	0
593	948	0
593	1101	0
593	1058	0
593	1082	0
593	1083	0
593	1084	0
593	1099	0
593	1142	0
593	1226	0
593	1212	0
593	1245	0
593	2187	0
593	1529	0
593	1672	0
593	1679	0
593	1704	0
593	1954	0
593	1955	0
594	836	0
594	1647	0
595	1759	0
597	914	0
598	749	0
599	601	0
599	1987	0
600	601	0
600	987	0
600	758	0
600	1113	0
601	977	0
601	752	0
601	976	0
601	2257	0
601	1370	0
602	798	0
602	621	0
602	841	0
602	949	0
602	2258	0
602	2259	0
603	608	0
603	815	0
603	1112	0
604	608	0
604	815	0
604	864	0
604	869	0
604	1065	0
604	1083	0
604	1249	0
604	1800	0
606	1171	0
606	1173	0
606	1174	0
607	1045	0
608	708	0
608	618	0
608	1082	0
608	1112	0
608	1586	0
609	742	0
609	772	0
609	911	0
609	797	0
609	834	0
609	849	0
609	857	0
609	859	0
609	869	0
609	902	0
609	909	0
609	914	0
609	948	0
609	1070	0
609	1058	0
609	1099	0
609	1118	0
609	1184	0
609	2187	0
609	1529	0
609	1570	0
609	1872	0
609	1704	0
609	2248	0
609	1954	0
609	1955	0
609	2098	0
609	610	0
609	611	0
610	711	0
610	797	0
610	909	0
610	914	0
610	1058	0
610	1099	0
610	1183	0
610	1226	0
610	1215	0
610	1245	0
610	1441	0
610	2001	0
610	1570	0
610	1700	0
610	1954	0
610	2264	0
611	1099	0
611	1215	0
611	1570	0
611	2265	0
612	1180	0
613	924	0
615	635	0
615	729	0
615	2266	0
615	1367	0
615	803	0
615	1664	0
616	1128	0
616	2064	0
617	621	0
617	623	0
617	637	0
617	718	0
617	752	0
617	864	0
617	992	0
617	943	0
617	966	0
617	990	0
617	1041	0
617	1052	0
617	1060	0
617	1222	0
617	1223	0
617	1398	0
617	1310	0
617	1343	0
617	1683	0
617	1554	0
617	2267	0
617	2268	0
617	1846	0
617	1721	0
617	1799	0
617	1838	0
617	1789	0
617	1891	0
618	621	0
618	623	0
618	651	0
618	653	0
618	729	0
618	1606	0
618	752	0
618	826	0
618	838	0
618	864	0
618	869	0
618	880	0
618	879	0
618	943	0
618	994	0
618	956	0
618	975	0
618	976	0
618	990	0
618	1061	0
618	1041	0
618	1052	0
618	1062	0
618	1952	0
618	1403	0
618	1157	0
618	1232	0
618	1179	0
618	1505	0
618	1304	0
618	1343	0
618	2064	0
618	1409	0
618	1683	0
618	1554	0
618	1449	0
618	1461	0
618	1667	0
618	1510	0
618	1529	0
618	2269	0
618	1579	0
618	1727	0
618	2270	0
618	1721	0
618	2255	0
618	1873	0
618	1838	0
618	1977	0
618	1789	0
618	2271	0
618	1891	0
618	2272	0
618	2090	0
619	621	0
619	623	0
619	718	0
619	864	0
619	869	0
619	880	0
619	879	0
619	1579	0
620	621	0
620	1824	0
621	623	0
621	635	0
621	951	0
621	718	0
621	729	0
621	1606	0
621	739	0
621	1776	0
621	803	0
621	826	0
621	839	0
621	864	0
621	880	0
621	879	0
621	956	0
621	975	0
621	1041	0
621	1052	0
621	1062	0
621	1239	0
621	1107	0
621	1138	0
621	1157	0
621	1232	0
621	1207	0
621	1213	0
621	1233	0
621	1249	0
621	1505	0
621	1599	0
621	1343	0
621	2064	0
621	1409	0
621	1683	0
621	1554	0
621	1449	0
621	1553	0
621	1461	0
621	2059	0
621	1547	0
621	1510	0
621	2273	0
621	1811	0
621	1751	0
621	1727	0
621	1660	0
621	1721	0
621	1873	0
621	2274	0
621	1789	0
621	2275	0
622	623	0
623	637	0
623	635	0
623	651	0
623	746	0
623	752	0
623	839	0
623	864	0
623	878	0
623	992	0
623	1303	0
623	956	0
623	966	0
623	990	0
623	1041	0
623	1052	0
623	1062	0
623	1239	0
623	1116	0
623	1138	0
623	1505	0
623	1310	0
623	1420	0
623	1491	0
623	1510	0
623	1537	0
623	1557	0
623	1579	0
623	1751	0
623	1721	0
623	1775	0
623	1827	0
623	2276	0
623	1821	0
623	1789	0
623	2168	0
623	1891	0
624	1000	0
624	877	0
624	1060	0
624	1107	0
624	1138	0
624	1310	0
624	1623	0
624	1846	0
624	2277	0
624	2278	0
624	1789	0
625	1618	0
625	1904	0
626	1153	0
626	1884	0
628	629	0
628	703	0
628	1200	0
629	1213	0
630	1427	0
630	1998	0
631	850	0
631	881	0
631	1050	0
633	750	0
633	1479	0
633	1566	0
635	678	0
635	689	0
635	729	0
635	2266	0
635	1367	0
635	1545	0
635	1654	0
636	2102	0
636	711	0
636	869	0
636	1038	0
636	1102	0
637	718	0
637	1027	0
637	1052	0
637	1060	0
637	1554	0
637	1595	0
637	2286	0
638	1501	0
639	641	0
640	641	0
641	758	0
641	817	0
641	864	0
641	1618	0
641	1456	0
641	1930	0
642	644	0
642	893	0
642	937	0
642	979	0
642	980	0
642	981	0
642	1550	0
642	2066	0
642	2027	0
642	1735	0
642	1732	0
643	644	0
643	1550	0
643	1347	0
644	811	0
644	727	0
644	893	0
644	964	0
644	949	0
644	956	0
644	1098	0
644	979	0
644	1191	0
644	1550	0
644	1732	0
644	1720	0
645	850	0
645	1111	0
645	1445	0
645	1861	0
646	864	0
646	869	0
650	951	0
650	803	0
650	932	0
650	944	0
650	949	0
650	984	0
650	2025	0
650	1157	0
650	1188	0
650	1252	0
650	1275	0
650	1260	0
650	1310	0
650	1878	0
650	1343	0
651	876	0
651	1275	0
651	1435	0
652	1637	0
653	739	0
653	876	0
653	1062	0
653	1509	0
654	2077	0
656	759	0
656	878	0
656	873	0
656	1000	0
656	877	0
656	924	0
656	929	0
656	1025	0
657	2183	0
657	828	0
657	877	0
657	881	0
657	938	0
657	1107	0
657	1171	0
657	1174	0
657	1175	0
657	1526	0
657	1243	0
657	1455	0
657	1625	0
658	659	0
658	1058	0
659	786	0
659	930	0
659	924	0
659	1119	0
659	1016	0
659	1058	0
659	1083	0
659	1226	0
659	1371	0
659	1394	0
659	1409	0
659	1461	0
659	1790	0
660	740	0
660	739	0
660	2294	0
662	822	0
662	958	0
662	2296	0
663	1579	0
664	847	0
664	1588	0
664	1653	0
665	2301	0
665	929	0
665	1341	0
665	1570	0
665	1625	0
666	930	0
666	1026	0
666	2138	0
666	1872	0
667	906	0
668	673	0
669	671	0
669	1005	0
669	1011	0
669	1717	0
669	1139	0
669	1404	0
669	1314	0
670	1839	0
670	799	0
670	2205	0
670	1139	0
670	1153	0
670	1141	0
670	2253	0
670	671	0
671	799	0
671	1386	0
671	1139	0
671	1314	0
672	1010	0
672	1011	0
672	2253	0
673	1010	0
673	2262	0
673	1011	0
673	1020	0
673	1131	0
673	1153	0
673	1141	0
673	1404	0
673	2243	0
673	2253	0
673	2303	0
675	1735	0
676	697	0
676	758	0
677	678	0
677	760	0
677	758	0
678	758	0
678	1371	0
678	2304	0
679	680	0
679	729	0
679	2305	0
679	1375	0
679	2304	0
679	2306	0
680	2307	0
680	979	0
680	1211	0
681	700	0
681	1982	0
681	857	0
681	976	0
681	1023	0
681	1205	0
681	1212	0
682	755	0
682	810	0
682	1234	0
682	1062	0
682	1148	0
682	1157	0
682	1275	0
682	1310	0
684	829	0
684	772	0
684	790	0
684	917	0
684	1016	0
684	918	0
684	1695	0
685	1985	0
687	703	0
687	1510	0
687	1775	0
688	956	0
688	1113	0
688	1347	0
688	1424	0
688	1433	0
689	729	0
689	1664	0
690	1150	0
690	1418	0
690	1334	0
690	1560	0
690	1809	0
690	2308	0
690	2050	0
690	691	0
690	692	0
691	1175	0
691	1223	0
691	1454	0
692	714	0
692	1065	0
692	1066	0
692	1087	0
692	1171	0
693	893	0
693	1551	0
694	753	0
695	1107	0
696	1287	0
697	860	0
697	825	0
697	1739	0
697	2014	0
698	894	0
698	1267	0
698	1261	0
699	700	0
699	701	0
699	929	0
699	1415	0
700	701	0
700	717	0
700	752	0
700	841	0
700	847	0
700	849	0
700	858	0
700	929	0
700	1529	0
700	2077	0
701	929	0
701	992	0
701	1422	0
702	711	0
703	756	0
703	803	0
703	864	0
703	1733	0
704	1268	0
704	1461	0
704	2309	0
706	836	0
706	1243	0
708	717	0
708	1111	0
709	1047	0
709	1189	0
709	1409	0
709	2311	0
709	1699	0
710	717	0
710	1157	0
711	752	0
711	753	0
711	766	0
711	912	0
711	929	0
711	948	0
711	1059	0
711	1215	0
711	1246	0
711	1322	0
711	1345	0
711	1362	0
711	2049	0
711	1501	0
711	1529	0
711	1570	0
711	1700	0
712	819	0
712	864	0
713	714	0
714	1048	0
714	2183	0
714	858	0
714	1213	0
715	716	0
716	1724	0
717	725	0
717	727	0
717	829	0
717	739	0
717	958	0
717	836	0
717	957	0
717	959	0
717	961	0
717	1061	0
717	1065	0
717	1083	0
717	1087	0
717	1526	0
717	1298	0
717	1314	0
717	1319	0
717	1380	0
717	1433	0
717	2313	0
717	1627	0
717	2314	0
717	2185	0
717	718	0
717	719	0
717	720	0
717	721	0
717	722	0
718	725	0
718	807	0
718	959	0
718	980	0
718	1213	0
718	1363	0
718	1732	0
719	725	0
719	957	0
719	959	0
719	1025	0
719	1171	0
719	1175	0
719	1355	0
719	2185	0
720	959	0
720	1082	0
720	1343	0
721	959	0
721	1082	0
721	1343	0
723	725	0
723	1223	0
723	1932	0
724	725	0
724	1021	0
725	727	0
725	829	0
725	957	0
725	959	0
725	961	0
725	1298	0
725	1355	0
725	2185	0
726	727	0
726	2077	0
727	786	0
727	874	0
727	881	0
727	1068	0
727	1176	0
727	957	0
727	959	0
727	988	0
727	1042	0
727	1157	0
727	1189	0
727	1275	0
727	1298	0
727	1299	0
727	1314	0
727	1340	0
727	1433	0
727	1454	0
727	1464	0
727	2313	0
727	1603	0
727	1601	0
727	1627	0
729	1606	0
729	1163	0
729	803	0
729	869	0
729	876	0
729	880	0
729	873	0
729	2056	0
729	938	0
729	949	0
729	956	0
729	959	0
729	1062	0
729	1143	0
729	1203	0
729	1326	0
729	1545	0
729	1603	0
729	2315	0
729	2316	0
730	1606	0
730	810	0
730	1062	0
730	1074	0
730	1200	0
730	1600	0
731	836	0
731	969	0
731	1223	0
731	1434	0
731	1319	0
731	1343	0
731	2317	0
732	733	0
732	734	0
732	978	0
732	1026	0
732	1091	0
732	1143	0
732	1705	0
736	841	0
736	847	0
736	853	0
737	929	0
737	992	0
738	739	0
738	1343	0
738	1424	0
738	1433	0
738	1727	0
739	911	0
739	892	0
739	1071	0
739	959	0
739	1128	0
739	1326	0
739	1878	0
739	1343	0
739	1727	0
739	2294	0
739	1682	0
739	1721	0
739	740	0
740	1682	0
741	1016	0
742	788	0
742	786	0
742	1058	0
744	835	0
744	864	0
744	869	0
744	1176	0
744	1242	0
744	1058	0
744	1171	0
744	1175	0
744	1325	0
744	2321	0
746	841	0
746	847	0
746	970	0
746	1231	0
748	841	0
748	1457	0
749	1377	0
749	810	0
749	864	0
749	909	0
749	924	0
750	880	0
750	1276	0
750	1281	0
750	1439	0
750	1566	0
750	1595	0
751	752	0
751	753	0
751	841	0
751	869	0
752	769	0
752	849	0
752	864	0
752	873	0
752	929	0
752	938	0
752	1138	0
752	1409	0
752	1683	0
752	1428	0
752	1685	0
752	1450	0
753	864	0
753	869	0
753	929	0
753	1213	0
753	1699	0
754	803	0
754	858	0
754	1751	0
754	1761	0
756	949	0
756	1148	0
757	898	0
757	1665	0
757	1775	0
758	842	0
758	805	0
758	1219	0
758	932	0
758	1320	0
758	859	0
758	942	0
758	933	0
758	963	0
758	965	0
758	979	0
758	2323	0
758	1227	0
758	1457	0
758	1228	0
758	2324	0
758	1475	0
758	1487	0
758	1829	0
758	2163	0
758	1871	0
758	759	0
758	760	0
758	761	0
760	979	0
761	955	0
761	1157	0
761	1243	0
761	1343	0
761	1664	0
764	765	0
764	766	0
764	1153	0
765	766	0
765	786	0
765	924	0
765	1082	0
765	1083	0
765	1084	0
765	1085	0
766	787	0
766	786	0
766	1033	0
766	881	0
766	902	0
766	1068	0
766	1034	0
766	924	0
766	1016	0
766	938	0
766	948	0
766	1058	0
766	1082	0
766	1083	0
766	1084	0
766	1085	0
766	1184	0
766	1231	0
766	1321	0
766	1322	0
766	2326	0
767	768	0
767	2327	0
767	2328	0
769	836	0
769	847	0
769	849	0
769	852	0
769	874	0
769	853	0
769	912	0
769	858	0
769	946	0
769	988	0
769	1092	0
769	1093	0
769	1047	0
769	1646	0
769	2329	0
769	2330	0
772	786	0
772	852	0
772	909	0
772	924	0
772	1231	0
772	1775	0
773	1776	0
774	1097	0
774	1294	0
774	976	0
774	1202	0
774	1885	0
774	775	0
777	1208	0
777	1338	0
778	810	0
778	813	0
778	859	0
778	941	0
778	1026	0
778	1157	0
779	1025	0
779	1243	0
779	1985	0
780	2331	0
782	1068	0
782	1058	0
783	920	0
783	2183	0
783	841	0
783	1065	0
784	786	0
784	1033	0
784	1356	0
785	911	0
785	938	0
785	946	0
785	1816	0
785	1876	0
786	1982	0
786	880	0
786	892	0
786	902	0
786	909	0
786	924	0
786	929	0
786	948	0
786	949	0
786	962	0
786	1058	0
786	1099	0
786	1118	0
786	1138	0
786	1144	0
786	1178	0
786	1493	0
786	1184	0
786	1230	0
786	1212	0
786	1215	0
786	1322	0
786	1356	0
786	1409	0
786	1495	0
786	1603	0
786	2001	0
786	1529	0
786	1963	0
786	1751	0
786	1643	0
786	1699	0
786	1704	0
786	2033	0
786	2098	0
786	787	0
786	788	0
787	849	0
787	1321	0
787	1356	0
787	1699	0
788	849	0
788	852	0
790	902	0
790	1234	0
790	1292	0
790	1213	0
790	1827	0
791	1325	0
792	857	0
792	2135	0
793	794	0
795	1097	0
795	799	0
795	1850	0
796	1097	0
796	1139	0
797	854	0
797	1101	0
797	1058	0
797	1099	0
797	1118	0
797	1529	0
797	1700	0
798	841	0
798	847	0
798	849	0
798	1635	0
799	894	0
799	1064	0
799	1153	0
799	1956	0
802	850	0
803	954	0
803	949	0
803	959	0
803	2025	0
803	1062	0
803	1074	0
803	1083	0
803	1091	0
803	1116	0
803	1138	0
803	1157	0
803	1275	0
803	1249	0
803	1340	0
803	1424	0
803	1433	0
803	1564	0
803	1661	0
803	1664	0
804	997	0
804	1543	0
804	2129	0
805	1219	0
805	1228	0
805	1830	0
806	1079	0
808	2121	0
809	2121	0
810	954	0
810	959	0
810	1061	0
810	1062	0
810	1084	0
810	1085	0
810	1148	0
810	1433	0
810	2092	0
810	811	0
810	812	0
811	813	0
811	949	0
811	1157	0
811	1715	0
812	813	0
812	1038	0
812	1102	0
814	815	0
815	954	0
815	978	0
815	1061	0
815	1157	0
815	1207	0
815	1757	0
816	1463	0
816	1531	0
816	1629	0
816	817	0
816	2341	0
817	1249	0
818	1286	0
819	834	0
819	822	0
819	849	0
819	864	0
819	869	0
819	881	0
819	1091	0
819	1157	0
819	1198	0
819	1207	0
819	1364	0
819	1565	0
819	1813	0
819	1872	0
819	2342	0
819	2089	0
819	1857	0
819	2343	0
819	1971	0
819	2344	0
819	2254	0
820	834	0
820	881	0
820	938	0
820	1091	0
820	1198	0
821	822	0
821	2075	0
822	2345	0
822	851	0
822	2282	0
822	849	0
822	864	0
822	869	0
822	906	0
822	959	0
822	1093	0
822	1026	0
822	1084	0
822	1085	0
822	1157	0
822	1207	0
822	1013	0
823	851	0
823	959	0
823	1026	0
824	828	0
824	956	0
825	882	0
825	1430	0
825	1232	0
825	1427	0
826	882	0
826	828	0
826	2074	0
827	2183	0
827	858	0
827	1055	0
827	1637	0
828	2064	0
828	1966	0
829	2296	0
829	957	0
829	959	0
829	1042	0
830	837	0
830	1714	0
830	2108	0
831	836	0
832	836	0
833	836	0
833	841	0
833	1480	0
834	836	0
834	1635	0
834	1572	0
835	884	0
836	884	0
836	838	0
836	892	0
836	898	0
836	2107	0
836	1176	0
836	2347	0
836	938	0
836	945	0
836	1875	0
836	1238	0
836	959	0
836	2040	0
836	1091	0
836	1094	0
836	1202	0
836	1213	0
836	1297	0
836	1304	0
836	1415	0
836	1650	0
836	1646	0
836	2193	0
836	2103	0
836	2108	0
836	1707	0
836	1971	0
837	1714	0
838	1565	0
838	2206	0
838	2348	0
838	1775	0
839	962	0
839	1212	0
839	1565	0
839	2027	0
839	2002	0
839	2206	0
839	2348	0
839	2349	0
840	1565	0
840	2206	0
840	2348	0
841	858	0
841	939	0
841	909	0
841	924	0
841	929	0
841	938	0
841	954	0
841	1004	0
841	1234	0
841	1229	0
841	1017	0
841	1015	0
841	1058	0
841	1516	0
841	2350	0
841	1386	0
841	1099	0
841	1121	0
841	1143	0
841	1157	0
841	1292	0
841	1212	0
841	1297	0
841	1398	0
841	1469	0
841	1302	0
841	1332	0
841	1373	0
841	842	0
841	843	0
841	2351	0
841	844	0
842	931	0
842	1457	0
842	2352	0
843	847	0
843	970	0
843	949	0
843	1920	0
844	847	0
844	970	0
845	847	0
845	1013	0
846	847	0
846	849	0
846	1205	0
846	1272	0
847	871	0
847	924	0
847	949	0
847	1004	0
847	1017	0
847	1297	0
847	1692	0
847	2330	0
848	849	0
849	858	0
849	859	0
849	864	0
849	869	0
849	909	0
849	913	0
849	938	0
849	1015	0
849	1058	0
849	1082	0
849	1083	0
849	1143	0
849	1392	0
849	2329	0
849	850	0
849	851	0
849	1982	0
850	1058	0
850	2119	0
850	1474	0
850	2290	0
850	1202	0
850	1271	0
850	1249	0
850	1414	0
850	1563	0
850	2292	0
850	1873	0
850	2012	0
850	2293	0
852	854	0
852	864	0
852	869	0
852	938	0
852	1143	0
853	877	0
853	999	0
853	1171	0
853	1213	0
853	2071	0
853	2353	0
854	880	0
854	879	0
854	1099	0
854	2022	0
854	855	0
854	856	0
855	924	0
857	1226	0
857	1246	0
857	1298	0
857	1854	0
857	2330	0
858	864	0
858	869	0
858	873	0
858	1525	0
858	892	0
858	938	0
858	959	0
858	1087	0
858	1175	0
858	1334	0
858	1427	0
858	2329	0
859	880	0
859	979	0
859	980	0
859	1062	0
859	1074	0
859	1157	0
859	1227	0
859	1571	0
859	1225	0
859	1228	0
859	1362	0
859	2014	0
859	860	0
859	861	0
859	862	0
860	1228	0
860	1739	0
860	2014	0
861	1225	0
861	2354	0
862	1932	0
863	939	0
863	976	0
863	1745	0
864	880	0
864	873	0
864	875	0
864	1068	0
864	2107	0
864	915	0
864	2347	0
864	938	0
864	949	0
864	962	0
864	988	0
864	1382	0
864	1092	0
864	1093	0
864	1061	0
864	1058	0
864	1059	0
864	1062	0
864	1083	0
864	1084	0
864	1085	0
864	1111	0
864	1154	0
864	1157	0
864	2215	0
864	1232	0
864	1226	0
864	1266	0
864	1274	0
864	1314	0
864	1319	0
864	1332	0
864	1328	0
864	1415	0
864	2355	0
864	1485	0
864	1529	0
864	2255	0
864	2068	0
864	2069	0
864	1971	0
864	865	0
864	866	0
864	867	0
864	2106	0
865	873	0
865	1157	0
866	880	0
867	869	0
868	869	0
869	880	0
869	873	0
869	875	0
869	1000	0
869	2107	0
869	924	0
869	915	0
869	2347	0
869	1057	0
869	938	0
869	946	0
869	962	0
869	988	0
869	1382	0
869	1092	0
869	1062	0
869	1066	0
869	1083	0
869	1084	0
869	1099	0
869	1112	0
869	1111	0
869	1156	0
869	1157	0
869	1314	0
869	1332	0
869	2355	0
869	1355	0
871	1223	0
872	879	0
873	938	0
873	1382	0
873	1173	0
873	1175	0
873	1625	0
873	1966	0
873	874	0
874	1525	0
874	1057	0
874	929	0
875	938	0
876	1525	0
876	2347	0
876	938	0
876	1061	0
876	1047	0
877	959	0
877	999	0
877	1359	0
877	1107	0
877	1175	0
877	878	0
878	1694	0
878	2108	0
879	949	0
879	962	0
879	1025	0
879	1157	0
879	1171	0
879	2031	0
879	1456	0
879	1625	0
879	2108	0
880	957	0
880	962	0
880	1025	0
880	1066	0
880	1083	0
880	1107	0
880	1157	0
880	1299	0
880	1314	0
880	1395	0
880	2031	0
880	1456	0
880	1625	0
880	2108	0
880	1930	0
881	883	0
881	929	0
881	1082	0
881	1083	0
881	1107	0
881	1157	0
881	1313	0
881	1990	0
881	2356	0
881	882	0
882	1058	0
882	1317	0
883	2151	0
885	1084	0
886	1226	0
886	1204	0
892	2245	0
892	2357	0
892	1682	0
893	1922	0
893	1203	0
893	1493	0
893	1233	0
893	1762	0
893	1960	0
893	2000	0
893	1817	0
893	2069	0
893	1842	0
893	1985	0
893	2358	0
896	986	0
896	1117	0
897	1292	0
897	1213	0
897	1924	0
898	1027	0
899	2360	0
901	1157	0
901	1300	0
902	924	0
902	962	0
902	976	0
902	1021	0
902	1058	0
902	1082	0
902	1099	0
902	1154	0
902	1157	0
902	1999	0
902	1292	0
902	1212	0
902	1258	0
902	1310	0
902	1327	0
902	1357	0
902	1414	0
902	1625	0
902	903	0
905	906	0
905	1157	0
905	1827	0
906	1294	0
906	1684	0
906	975	0
906	1018	0
906	1198	0
906	2362	0
906	1427	0
906	1820	0
906	1731	0
906	1725	0
906	1726	0
906	2363	0
906	1838	0
906	1941	0
906	2352	0
906	2364	0
906	907	0
906	908	0
909	924	0
909	914	0
909	1498	0
909	1058	0
909	1085	0
909	1087	0
909	1099	0
909	1154	0
909	1175	0
909	1184	0
909	1245	0
909	1258	0
909	1356	0
909	1529	0
909	2365	0
909	2238	0
909	1700	0
909	1954	0
909	2050	0
909	1917	0
909	2366	0
910	924	0
910	1058	0
910	2368	0
910	1322	0
910	1356	0
911	924	0
912	1176	0
913	916	0
913	917	0
913	919	0
913	1294	0
914	948	0
914	1184	0
914	1212	0
914	1245	0
914	1258	0
914	1281	0
914	2187	0
915	1294	0
915	1231	0
915	916	0
916	917	0
916	1294	0
917	1041	0
917	1999	0
917	1356	0
917	1775	0
918	919	0
918	1145	0
919	1294	0
920	1967	0
920	1486	0
920	1588	0
921	1294	0
921	1054	0
921	1312	0
921	2369	0
922	1684	0
923	949	0
923	1062	0
924	962	0
924	1021	0
924	1058	0
924	1046	0
924	1059	0
924	1082	0
924	1083	0
924	1084	0
924	1085	0
924	1144	0
924	1154	0
924	1258	0
924	1356	0
924	2099	0
924	2238	0
924	1679	0
924	1954	0
924	1917	0
924	2098	0
924	2366	0
925	1094	0
925	1157	0
925	1546	0
925	1675	0
926	948	0
926	1096	0
926	1232	0
926	1288	0
926	1961	0
927	1966	0
928	1249	0
928	1572	0
928	2342	0
928	2259	0
929	1238	0
929	1093	0
929	1082	0
929	1083	0
929	1143	0
929	1999	0
929	1203	0
929	1226	0
929	1204	0
929	1215	0
929	1415	0
929	1345	0
929	2001	0
929	2110	0
929	2371	0
929	2111	0
929	2006	0
929	2112	0
929	930	0
930	1439	0
930	1906	0
931	964	0
931	1179	0
932	964	0
932	1228	0
932	1564	0
933	964	0
933	1179	0
933	1564	0
933	1731	0
934	937	0
934	979	0
934	1157	0
934	1275	0
934	1213	0
934	2372	0
934	1394	0
935	936	0
935	2188	0
937	979	0
937	980	0
937	1275	0
937	1227	0
938	945	0
938	949	0
938	1098	0
938	1089	0
938	1226	0
938	1243	0
938	1396	0
938	1434	0
938	1380	0
938	1751	0
938	1625	0
938	1821	0
938	939	0
938	940	0
939	1004	0
939	1386	0
939	1202	0
939	1271	0
940	1735	0
942	943	0
942	1026	0
942	1083	0
942	1424	0
942	1664	0
943	944	0
943	1223	0
943	1378	0
943	1449	0
943	1461	0
943	2084	0
944	1223	0
945	948	0
945	1408	0
945	1334	0
945	1581	0
945	2373	0
945	1816	0
945	2193	0
945	1567	0
945	1991	0
945	2332	0
945	946	0
945	947	0
946	975	0
946	1751	0
948	1058	0
948	1099	0
948	1231	0
948	1245	0
948	2099	0
948	1394	0
948	1524	0
948	2049	0
948	1529	0
948	1954	0
949	955	0
949	1113	0
949	1062	0
949	1161	0
949	1065	0
949	1066	0
949	1249	0
949	1279	0
949	1321	0
949	2374	0
949	1313	0
949	2041	0
949	1340	0
949	1347	0
949	2375	0
949	1491	0
949	1727	0
949	2104	0
949	2376	0
949	950	0
949	951	0
949	952	0
949	953	0
950	1062	0
950	1158	0
950	2145	0
950	1326	0
950	1900	0
951	1157	0
951	1260	0
952	1098	0
952	1157	0
954	1061	0
954	1073	0
954	1062	0
954	1085	0
954	1191	0
954	1249	0
954	1448	0
954	1319	0
954	1343	0
954	1395	0
954	1433	0
954	1727	0
955	1062	0
955	1161	0
955	1340	0
955	1715	0
955	1615	0
955	1664	0
956	1062	0
956	2041	0
956	1347	0
956	1727	0
957	959	0
957	1062	0
957	2185	0
957	958	0
958	959	0
958	1340	0
958	2377	0
959	961	0
959	1061	0
959	1062	0
959	1074	0
959	1082	0
959	1083	0
959	1087	0
959	1107	0
959	1121	0
959	1198	0
959	1310	0
959	1340	0
959	1343	0
959	1910	0
959	1433	0
959	2027	0
959	1510	0
959	1567	0
959	1886	0
959	2185	0
959	1891	0
960	961	0
961	2379	0
961	1358	0
962	1058	0
962	1083	0
962	1955	0
963	965	0
964	965	0
965	1771	0
966	967	0
966	968	0
968	1171	0
969	1049	0
969	1434	0
970	1004	0
970	1017	0
970	1143	0
970	1297	0
970	2010	0
971	999	0
971	1243	0
971	1662	0
972	1393	0
972	1184	0
974	975	0
975	1769	0
976	1212	0
976	1213	0
976	977	0
977	2257	0
977	1662	0
978	1509	0
979	980	0
979	981	0
979	1157	0
979	1227	0
979	1571	0
979	2380	0
980	981	0
980	1083	0
980	2323	0
980	1571	0
980	1487	0
980	1546	0
983	984	0
984	2319	0
984	1355	0
984	1656	0
984	1680	0
986	1171	0
986	1222	0
987	988	0
987	1061	0
988	1074	0
988	1099	0
988	2384	0
988	2108	0
989	1093	0
990	1675	0
990	1660	0
991	1159	0
991	2386	0
993	1061	0
993	1073	0
994	1319	0
995	997	0
995	1837	0
997	1157	0
997	2129	0
997	998	0
998	1543	0
999	1025	0
999	2031	0
999	2108	0
999	1000	0
1001	1572	0
1002	1343	0
1002	1615	0
1005	1006	0
1006	1007	0
1006	1008	0
1006	1009	0
1006	1011	0
1006	1166	0
1006	1717	0
1006	1518	0
1006	1541	0
1007	1008	0
1007	1131	0
1009	1018	0
1009	1015	0
1010	1011	0
1010	1018	0
1010	2243	0
1010	2253	0
1010	2303	0
1011	1427	0
1012	2397	0
1013	1018	0
1013	2398	0
1014	1017	0
1014	1179	0
1015	1258	0
1017	1064	0
1017	1131	0
1017	1538	0
1017	1212	0
1017	1331	0
1020	1258	0
1021	1023	0
1021	1292	0
1022	1212	0
1023	1212	0
1024	1025	0
1024	1157	0
1024	2031	0
1024	1456	0
1024	1625	0
1025	1107	0
1025	1341	0
1025	1355	0
1025	1625	0
1026	1281	0
1026	2400	0
1027	1155	0
1027	1664	0
1027	1783	0
1027	1920	0
1027	1932	0
1032	1058	0
1033	1058	0
1033	1059	0
1033	1099	0
1033	1138	0
1033	1322	0
1033	1356	0
1033	1495	0
1033	1963	0
1034	1058	0
1034	1082	0
1034	1083	0
1034	1084	0
1034	1085	0
1035	2216	0
1036	1318	0
1038	1203	0
1038	1878	0
1038	1646	0
1038	1662	0
1038	1603	0
1038	1528	0
1038	2406	0
1038	2057	0
1041	1052	0
1041	2044	0
1041	1116	0
1041	1310	0
1041	2064	0
1041	1424	0
1041	1433	0
1041	1662	0
1041	1510	0
1041	1567	0
1041	1604	0
1041	1658	0
1041	2408	0
1041	1874	0
1041	1966	0
1042	1113	0
1042	1216	0
1042	1553	0
1042	1627	0
1042	2409	0
1043	1113	0
1044	1099	0
1044	1226	0
1044	1245	0
1045	1046	0
1045	1831	0
1045	1917	0
1047	1646	0
1047	1557	0
1048	2099	0
1048	1637	0
1049	1434	0
1050	2411	0
1050	1157	0
1050	1530	0
1050	1407	0
1050	1645	0
1050	2053	0
1052	1077	0
1052	1407	0
1052	1775	0
1054	1469	0
1054	1675	0
1055	1676	0
1056	1817	0
1056	1057	0
1057	1096	0
1057	1157	0
1057	1643	0
1057	2415	0
1058	1059	0
1058	1062	0
1058	1084	0
1058	1085	0
1058	1099	0
1058	1118	0
1058	2215	0
1058	1245	0
1058	1419	0
1058	1356	0
1058	1389	0
1058	1441	0
1058	2001	0
1058	1672	0
1058	1570	0
1058	1954	0
1059	1245	0
1059	1461	0
1059	1672	0
1059	1643	0
1059	1699	0
1059	1729	0
1061	1062	0
1061	1074	0
1061	1116	0
1061	1207	0
1061	1249	0
1061	1274	0
1061	1448	0
1061	1319	0
1061	1504	0
1061	1395	0
1061	1472	0
1061	1433	0
1061	1509	0
1061	2163	0
1061	2416	0
1062	1161	0
1062	1711	0
1062	1106	0
1062	1112	0
1062	2417	0
1062	1157	0
1062	1291	0
1062	1326	0
1062	1249	0
1062	1293	0
1062	2093	0
1062	1424	0
1062	1433	0
1062	1547	0
1062	2418	0
1062	1657	0
1062	2419	0
1062	1827	0
1062	2214	0
1062	2420	0
1064	1131	0
1064	1153	0
1064	1208	0
1065	1066	0
1067	1267	0
1067	1202	0
1068	1084	0
1068	1085	0
1068	1184	0
1068	1751	0
1069	1932	0
1071	2245	0
1071	1380	0
1073	1074	0
1073	1207	0
1074	1111	0
1074	1293	0
1074	1319	0
1074	1389	0
1074	1433	0
1074	1607	0
1074	1823	0
1074	2155	0
1076	1077	0
1076	1300	0
1076	1937	0
1076	1897	0
1076	1932	0
1077	1276	0
1077	1595	0
1077	1932	0
1077	1078	0
1078	1932	0
1081	1815	0
1082	1086	0
1082	1083	0
1082	1084	0
1082	1085	0
1082	1099	0
1082	1154	0
1082	1168	0
1082	1184	0
1082	1207	0
1082	1223	0
1082	1258	0
1082	1310	0
1082	1325	0
1082	1334	0
1082	1910	0
1082	2225	0
1082	2249	0
1083	1084	0
1083	1085	0
1083	1099	0
1083	1107	0
1083	1178	0
1083	1258	0
1083	1309	0
1083	1319	0
1083	1340	0
1083	1910	0
1083	1510	0
1083	1529	0
1083	1733	0
1083	2249	0
1084	1085	0
1084	1099	0
1084	1433	0
1085	1258	0
1085	1433	0
1085	2249	0
1086	1087	0
1086	1184	0
1086	1258	0
1086	1757	0
1086	2225	0
1087	1319	0
1088	2425	0
1090	1157	0
1090	1370	0
1090	1876	0
1091	1103	0
1091	1157	0
1091	1707	0
1092	1094	0
1092	1332	0
1093	1094	0
1093	1121	0
1093	1557	0
1093	2108	0
1093	1971	0
1094	1157	0
1094	1910	0
1094	1674	0
1094	2252	0
1094	2185	0
1096	2426	0
1097	1184	0
1097	1297	0
1098	2041	0
1098	1347	0
1098	1727	0
1099	1150	0
1099	1175	0
1099	1203	0
1099	1247	0
1099	1226	0
1099	1204	0
1099	1570	0
1099	1679	0
1099	1700	0
1099	1954	0
1099	2033	0
1099	1100	0
1099	1101	0
1100	1171	0
1101	1226	0
1101	1204	0
1101	1245	0
1101	2001	0
1102	1171	0
1102	1226	0
1102	1438	0
1102	1662	0
1102	2406	0
1103	1524	0
1103	1907	0
1104	1128	0
1104	1245	0
1105	1106	0
1106	1588	0
1106	1653	0
1107	1175	0
1107	1299	0
1107	1349	0
1107	1355	0
1107	1409	0
1107	2049	0
1107	1623	0
1107	1570	0
1107	1990	0
1107	2330	0
1107	2430	0
1108	1594	0
1109	1408	0
1109	1291	0
1109	1322	0
1109	2099	0
1109	1495	0
1110	1111	0
1110	1275	0
1110	2165	0
1110	1733	0
1111	1383	0
1111	1694	0
1111	1343	0
1111	2165	0
1111	1389	0
1111	1112	0
1111	1113	0
1112	1343	0
1112	1664	0
1112	2431	0
1113	1233	0
1113	1871	0
1116	1275	0
1116	1207	0
1116	1222	0
1116	1891	0
1116	1117	0
1117	1222	0
1118	1226	0
1118	1215	0
1118	1316	0
1118	1321	0
1118	1322	0
1118	1537	0
1118	2034	0
1118	2173	0
1118	1953	0
1120	1227	0
1120	1851	0
1121	1223	0
1121	1228	0
1124	1157	0
1126	1127	0
1126	1288	0
1126	1988	0
1127	1461	0
1128	1129	0
1128	2253	0
1128	1314	0
1129	1842	0
1130	1131	0
1131	1133	0
1131	1138	0
1131	1538	0
1131	1153	0
1131	1297	0
1131	1243	0
1131	1132	0
1132	1297	0
1133	1135	0
1133	1138	0
1133	1538	0
1133	1297	0
1134	1637	0
1135	1138	0
1135	1538	0
1136	1907	0
1138	1538	0
1138	2066	0
1138	1683	0
1138	1491	0
1139	1153	0
1140	1153	0
1140	1297	0
1140	1214	0
1140	1314	0
1140	1331	0
1140	1329	0
1143	1971	0
1145	1157	0
1145	1724	0
1145	1572	0
1146	1157	0
1146	1572	0
1147	1572	0
1149	1150	0
1149	1491	0
1149	2050	0
1149	2434	0
1150	1349	0
1150	1625	0
1150	2435	0
1150	1740	0
1152	1172	0
1152	1171	0
1152	1175	0
1152	1243	0
1152	1253	0
1152	1350	0
1152	1298	0
1152	1327	0
1152	1346	0
1152	2185	0
1153	2097	0
1153	1964	0
1154	1172	0
1154	1171	0
1154	1275	0
1154	2061	0
1154	1298	0
1154	1312	0
1154	1325	0
1154	1328	0
1154	1327	0
1154	1331	0
1154	1491	0
1154	1934	0
1154	2232	0
1155	1157	0
1155	1275	0
1155	1838	0
1156	1157	0
1156	1275	0
1156	1223	0
1156	1228	0
1156	1564	0
1157	1430	0
1157	1198	0
1157	1188	0
1157	1252	0
1157	1191	0
1157	2436	0
1157	1227	0
1157	1260	0
1157	1396	0
1157	1310	0
1157	1609	0
1157	1313	0
1157	1317	0
1157	1343	0
1157	1362	0
1157	1715	0
1157	1615	0
1157	2093	0
1157	1395	0
1157	1417	0
1157	1463	0
1157	1579	0
1157	1664	0
1157	2386	0
1157	1760	0
1157	1885	0
1157	1838	0
1157	2437	0
1157	1158	0
1157	1159	0
1157	1160	0
1157	1161	0
1157	1162	0
1158	2094	0
1159	2386	0
1160	1430	0
1161	1275	0
1161	1310	0
1163	1603	0
1165	1166	0
1167	1172	0
1167	1171	0
1167	1173	0
1167	1331	0
1167	1533	0
1168	1172	0
1168	1171	0
1168	1173	0
1169	1172	0
1169	1171	0
1169	1173	0
1169	1174	0
1169	1175	0
1169	1695	0
1169	1824	0
1169	1821	0
1169	2078	0
1170	1171	0
1170	1173	0
1170	1355	0
1171	1175	0
1171	1182	0
1171	1249	0
1171	1260	0
1171	1325	0
1171	1328	0
1171	1327	0
1171	2440	0
1171	1330	0
1171	1334	0
1171	1352	0
1171	1380	0
1171	1349	0
1171	1355	0
1171	1527	0
1171	1451	0
1171	1569	0
1171	1623	0
1171	2193	0
1171	1544	0
1171	1934	0
1171	1990	0
1171	1675	0
1171	1695	0
1171	2057	0
1171	1712	0
1171	2071	0
1171	2012	0
1171	1837	0
1171	2442	0
1171	1909	0
1171	1172	0
1171	2301	0
1172	1260	0
1172	1418	0
1172	1325	0
1172	1327	0
1172	2440	0
1172	1330	0
1172	1352	0
1172	1380	0
1172	1355	0
1172	1569	0
1173	1174	0
1173	1260	0
1173	1325	0
1173	1327	0
1173	1330	0
1173	1352	0
1173	1355	0
1173	1569	0
1173	1751	0
1173	2443	0
1174	1260	0
1174	1327	0
1174	1330	0
1174	1355	0
1175	1253	0
1175	1260	0
1175	1314	0
1175	1346	0
1175	1355	0
1175	2444	0
1175	1623	0
1175	1544	0
1175	2445	0
1175	1990	0
1175	1675	0
1175	1916	0
1175	1809	0
1175	1849	0
1175	1909	0
1176	1991	0
1180	1203	0
1181	1203	0
1183	1942	0
1184	1226	0
1184	1228	0
1184	1356	0
1184	2133	0
1186	1230	0
1186	1502	0
1187	1539	0
1188	1409	0
1188	1660	0
1188	2069	0
1191	1438	0
1191	1417	0
1192	1275	0
1192	1588	0
1192	1891	0
1194	1249	0
1196	2450	0
1198	1231	0
1198	1546	0
1201	1202	0
1202	1292	0
1202	1215	0
1202	1353	0
1202	1644	0
1202	2332	0
1203	1226	0
1203	1245	0
1203	1852	0
1203	2451	0
1204	1322	0
1205	1212	0
1206	1612	0
1207	1249	0
1207	1319	0
1207	1509	0
1207	1727	0
1208	1209	0
1208	1297	0
1208	1338	0
1209	1338	0
1211	1291	0
1212	1646	0
1212	1972	0
1213	1225	0
1213	1243	0
1213	1309	0
1213	1330	0
1213	1530	0
1213	1546	0
1213	1695	0
1213	1716	0
1213	1837	0
1213	2322	0
1213	2453	0
1215	1246	0
1215	1476	0
1215	1472	0
1215	1731	0
1216	1340	0
1216	1424	0
1216	1433	0
1218	1284	0
1218	1738	0
1219	1227	0
1219	1645	0
1219	1830	0
1221	2454	0
1223	1505	0
1223	1281	0
1223	1331	0
1223	1340	0
1223	1449	0
1223	2084	0
1223	2455	0
1224	1457	0
1225	1824	0
1226	1228	0
1226	1245	0
1226	1258	0
1226	1322	0
1226	1700	0
1226	1954	0
1226	2078	0
1226	1985	0
1227	1228	0
1227	1705	0
1227	1830	0
1227	2456	0
1228	2190	0
1229	1231	0
1230	1231	0
1231	1643	0
1232	1243	0
1232	1389	0
1232	2329	0
1233	1627	0
1234	1735	0
1237	1243	0
1237	1646	0
1238	1243	0
1238	1365	0
1238	1501	0
1238	1751	0
1239	1827	0
1239	1966	0
1242	1942	0
1242	1932	0
1243	1356	0
1243	1441	0
1243	1433	0
1243	2002	0
1245	1679	0
1245	1954	0
1245	2054	0
1245	2330	0
1245	1917	0
1245	2463	0
1245	1985	0
1245	1246	0
1245	1247	0
1247	1280	0
1247	1737	0
1249	1418	0
1249	1362	0
1249	1424	0
1249	1433	0
1249	1435	0
1249	1670	0
1249	1664	0
1249	1719	0
1249	2022	0
1249	2464	0
1249	1885	0
1250	1438	0
1253	1298	0
1253	1327	0
1254	1341	0
1254	1342	0
1254	1546	0
1255	1603	0
1256	1334	0
1257	2229	0
1258	1322	0
1258	2099	0
1259	1338	0
1260	1394	0
1260	1569	0
1260	1624	0
1260	1692	0
1260	2139	0
1263	1264	0
1264	2467	0
1264	1265	0
1265	1428	0
1266	1505	0
1266	1389	0
1266	1656	0
1266	1759	0
1267	1938	0
1268	1572	0
1268	1726	0
1269	1281	0
1270	2469	0
1271	1937	0
1271	1551	0
1271	1595	0
1271	1775	0
1274	1298	0
1274	1343	0
1274	1433	0
1274	1275	0
1275	1310	0
1275	1319	0
1275	1420	0
1275	1435	0
1275	1662	0
1275	1509	0
1275	1707	0
1275	1823	0
1275	2470	0
1276	1589	0
1276	1407	0
1276	1566	0
1276	1595	0
1277	1371	0
1277	2471	0
1283	1905	0
1284	1905	0
1284	2291	0
1287	1726	0
1288	1844	0
1288	1289	0
1289	1988	0
1290	1566	0
1290	2473	0
1290	1932	0
1291	1425	0
1291	1553	0
1291	1477	0
1291	1742	0
1292	1775	0
1293	1604	0
1293	1664	0
1294	1427	0
1294	1546	0
1294	1867	0
1297	1944	0
1298	1396	0
1298	1327	0
1298	1334	0
1298	1349	0
1298	1355	0
1298	1569	0
1298	1674	0
1298	1602	0
1298	2185	0
1298	2330	0
1298	2426	0
1299	1355	0
1300	1301	0
1300	2474	0
1303	2010	0
1303	1634	0
1303	2475	0
1303	1876	0
1304	1396	0
1304	1395	0
1304	1553	0
1304	1579	0
1308	1340	0
1308	1910	0
1308	1623	0
1308	2108	0
1310	1420	0
1310	2251	0
1310	2476	0
1310	1707	0
1310	1775	0
1310	1891	0
1311	2105	0
1312	1335	0
1314	1987	0
1319	1343	0
1319	1579	0
1321	1356	0
1321	1724	0
1322	1356	0
1324	1492	0
1324	2429	0
1324	2477	0
1325	1328	0
1325	1327	0
1325	1334	0
1325	1335	0
1325	1349	0
1325	2478	0
1326	1340	0
1326	1407	0
1326	1607	0
1326	1900	0
1327	1568	0
1327	1334	0
1327	1335	0
1327	1380	0
1327	1355	0
1327	1934	0
1327	1740	0
1329	1333	0
1329	1581	0
1329	1335	0
1330	1340	0
1330	2366	0
1330	1331	0
1331	1533	0
1332	1334	0
1332	1726	0
1332	2482	0
1333	1335	0
1334	1335	0
1334	1380	0
1334	1353	0
1334	1935	0
1334	1451	0
1334	1662	0
1334	1567	0
1334	1900	0
1335	1380	0
1336	1492	0
1337	1415	0
1339	1340	0
1339	1664	0
1340	1420	0
1340	1424	0
1340	1433	0
1340	1435	0
1340	1990	0
1340	2422	0
1340	2022	0
1340	2226	0
1341	1342	0
1341	1720	0
1343	1859	0
1343	2060	0
1345	1731	0
1348	1372	0
1349	2099	0
1349	1544	0
1349	2330	0
1350	1667	0
1350	1666	0
1353	1837	0
1355	1674	0
1356	2099	0
1356	1495	0
1357	2099	0
1358	2324	0
1359	1420	0
1361	2483	0
1364	1365	0
1364	1409	0
1368	1715	0
1369	1715	0
1372	1759	0
1372	1979	0
1374	1409	0
1375	2304	0
1376	1665	0
1377	2233	0
1378	1699	0
1380	1935	0
1383	2165	0
1384	1385	0
1387	2005	0
1388	1389	0
1389	2108	0
1392	2488	0
1395	1579	0
1395	1837	0
1395	1396	0
1396	1579	0
1400	1932	0
1405	1861	0
1405	2118	0
1407	1932	0
1408	1814	0
1409	1586	0
1409	1634	0
1411	2493	0
1412	1510	0
1413	1648	0
1417	1896	0
1418	1489	0
1418	2496	0
1420	1891	0
1421	1424	0
1421	1433	0
1423	1424	0
1423	1766	0
1424	1435	0
1424	1453	0
1426	1585	0
1427	1774	0
1427	1724	0
1427	1558	0
1427	1921	0
1427	1822	0
1427	2498	0
1430	1661	0
1430	2014	0
1433	1727	0
1433	2022	0
1433	2226	0
1435	1653	0
1435	1664	0
1438	2334	0
1438	1676	0
1438	1740	0
1440	2009	0
1441	1529	0
1441	1570	0
1441	2098	0
1442	1998	0
1444	1558	0
1445	1464	0
1447	2499	0
1447	2500	0
1447	1631	0
1449	1566	0
1449	2215	0
1452	2329	0
1454	1569	0
1454	1674	0
1455	1699	0
1455	1913	0
1455	1966	0
1457	1824	0
1457	2501	0
1460	1461	0
1463	1572	0
1463	2502	0
1464	2069	0
1466	1662	0
1469	2230	0
1469	1881	0
1471	1536	0
1471	1564	0
1471	2503	0
1471	1825	0
1471	2504	0
1475	1551	0
1475	1653	0
1476	1643	0
1476	1953	0
1479	1721	0
1480	1760	0
1481	1489	0
1488	1489	0
1489	1852	0
1491	2032	0
1493	1603	0
1493	1676	0
1493	2068	0
1498	2001	0
1501	1502	0
1501	1729	0
1501	2177	0
1504	1601	0
1505	1566	0
1507	2399	0
1508	2466	0
1509	1859	0
1509	2422	0
1509	1510	0
1510	1775	0
1510	1827	0
1514	1546	0
1515	1546	0
1518	1718	0
1521	2354	0
1526	1670	0
1526	1579	0
1527	1528	0
1528	1529	0
1528	1942	0
1529	1672	0
1529	1942	0
1530	1531	0
1534	1735	0
1535	1735	0
1537	2011	0
1543	1614	0
1543	2129	0
1545	2504	0
1546	1879	0
1546	1885	0
1547	1551	0
1549	1561	0
1550	1732	0
1550	1880	0
1551	1595	0
1552	1713	0
1552	1895	0
1560	2273	0
1564	2255	0
1565	2034	0
1567	1891	0
1568	1572	0
1570	1700	0
1572	1838	0
1572	2514	0
1576	1687	0
1577	2515	0
1578	2515	0
1586	2114	0
1586	2140	0
1588	1653	0
1589	1595	0
1590	1595	0
1590	1775	0
1593	1664	0
1595	2517	0
1595	1861	0
1595	1761	0
1595	1775	0
1596	1895	0
1598	2518	0
1598	2481	0
1599	2101	0
1603	1666	0
1606	1607	0
1611	1612	0
1612	2077	0
1612	1881	0
1617	1618	0
1618	1904	0
1619	1620	0
1620	1979	0
1620	1764	0
1620	1621	0
1621	1660	0
1623	1990	0
1624	1687	0
1629	1924	0
1633	1827	0
1636	2524	0
1645	1766	0
1648	2334	0
1654	1664	0
1656	1759	0
1656	1936	0
1656	1657	0
1657	1759	0
1657	1920	0
1658	1827	0
1660	1979	0
1660	1764	0
1661	2156	0
1662	2277	0
1662	1842	0
1662	1891	0
1663	1787	0
1664	2022	0
1664	1860	0
1665	2153	0
1665	1932	0
1682	2294	0
1687	1688	0
1690	1775	0
1694	2108	0
1695	2389	0
1699	2533	0
1699	1700	0
1705	2297	0
1705	2318	0
1708	2512	0
1708	2227	0
1708	1936	0
1719	1720	0
1720	2138	0
1721	1733	0
1725	1726	0
1725	2505	0
1726	1760	0
1726	1827	0
1728	2389	0
1730	1766	0
1731	1766	0
1732	1766	0
1734	1874	0
1735	1845	0
1739	2014	0
1747	1824	0
1748	1824	0
1751	1876	0
1754	1764	0
1755	2538	0
1760	1761	0
1761	2356	0
1761	1881	0
1766	2276	0
1767	1793	0
1768	1775	0
1769	1775	0
1770	1775	0
1771	1775	0
1772	1775	0
1773	1775	0
1774	1775	0
1775	2089	0
1775	2425	0
1776	1827	0
1777	1827	0
1778	1827	0
1779	1827	0
1780	1827	0
1781	1827	0
1787	2276	0
1787	1936	0
1801	1920	0
1806	1852	0
1809	2240	0
1817	2462	0
1820	2546	0
1827	2547	0
1828	2548	0
1837	1909	0
1860	2275	0
1869	1985	0
1870	1881	0
1871	2077	0
1875	1876	0
1889	2553	0
1891	2554	0
1893	2405	0
1922	1936	0
1926	1966	0
1931	1932	0
1933	1985	0
1936	2276	0
1937	2322	0
1943	1985	0
1945	1956	0
