1	-4.82934717034927
2	-4.22542586961352
3	-5.51371057176986
4	3.93109207447099
5	-0.386243068611803
6	-6.55596991636462
7	-7.22944334898697
8	-1.84904072789481
9	-6.45844489022288
10	-5.89394004381447
11	-5.71434474161433
12	-7.12770998444842
13	-0.358045847620677
14	-6.6259458829641
15	-7.25577965441097
16	-7.21027667867532
17	-6.03715112005399
18	-7.17358043189813
19	-3.95740015899502
20	-7.01948446173283
21	-6.38450749255101
22	-5.92619460746913
23	-6.86199123792531
24	-4.74989621120507
25	-6.51352397594314
26	-7.26477375102125
27	-7.1997865395216
28	-7.07061113817305
29	-5.80780197018898
30	-7.1981865888498
31	-4.2173282726716
32	-5.64472374559319
33	-6.90753046860119
34	1.32347212405193
35	-7.26406423720283
36	-6.40138062652829
37	-7.03127079990054
38	-6.24284893385146
39	-6.05155736493459
40	-2.2941626602754
41	-6.45929419791733
42	-6.7182738280191
43	-6.54452809325208
44	-6.05274986983515
45	-6.06881944947061
46	-7.25813325167739
47	-6.09039261762279
48	-7.071167572503
49	-5.87854441589047
50	-6.43506710392676
51	-6.34717476037188
52	-7.13018632530381
53	-5.50252535851868
54	-7.14240338532335
55	-7.17576178425688
56	-6.10548248833107
57	-6.68134125946189
58	-2.87457281782892
59	-7.10163664230069
60	-6.62739832398658
61	-6.93236962159453
62	-2.61670860427368
63	-7.04213605729937
64	-6.19511953506451
65	-5.94865883902646
66	-3.72726104780159
67	1.84171067540188
68	2.07930896898428
69	-6.45390985276133
70	-7.15380795264076
71	6.0237713522114
72	3.56116743932164
73	-6.85562898062195
74	-6.38121763857814
75	3.70408311739288
76	2.40322315520705
77	-6.97257096555833
78	-6.32704354873722
79	-6.94421402727981
80	-7.0762002391242
81	-1.81126283815921
82	-7.09690177906718
83	-1.87411717450911
84	-6.22214375717956
85	-2.63274232599558
86	-6.33703239119785
87	-7.08735804405375
88	-6.36611183011936
89	-7.18245966533078
90	-5.43252880805992
91	0.760404554733514
92	-6.41097077839105
93	-7.1367260069429
94	-4.68769415061573
95	-7.22275475710544
96	-7.22167739803794
97	-3.57459575290213
98	-3.59530336126178
99	-6.40758416279058
100	-7.22806164517789
101	-6.65113452902047
102	-6.88081424185429
103	-6.72093782188054
104	-2.86342555938604
105	-6.6197738083895
106	0.459207176700905
107	-7.24741330464773
108	-1.52540166418167
109	-6.93445912448381
110	-5.54426538365678
111	-7.24401035209788
112	-4.32135416410953
113	-5.09157054298595
114	-1.66559567249916
115	-6.43347707433132
116	-5.24233070326223
117	-6.98271296314978
118	-6.33686556562701
119	-7.18386222504968
120	-4.07186130008593
121	-5.88783974752718
122	1.10481231499892
123	-7.03392290896543
124	-6.74129775315421
125	-6.00026724787287
126	-4.06324484925216
127	-6.59700680122952
128	-7.0875273929604
129	-7.25562934917489
130	-6.94745180335719
131	-6.51212135031323
132	-7.26263202096074
133	-7.13015208797619
134	-6.44071300477242
135	-7.06611504144221
136	-6.85318171379899
137	-7.0686865666903
138	-7.23494447610767
139	1.32469288478643
140	-5.42675747036938
141	-6.76800107824851
142	-5.22394485524198
143	-7.08786011760971
144	-7.08088781363064
145	-5.80248824290847
146	-6.11028517854008
147	-7.08064799327212
148	-7.17103854203259
149	-5.60552706335893
150	-4.33929508239463
151	-7.16458131544016
152	-7.05536835902725
153	-4.31291367183995
154	-5.36039687415875
155	5.47862656339743
156	-4.56165425672996
157	-6.61327693946899
158	-3.90251245513529
159	-7.23974959277257
160	-6.93450479786407
161	-7.0829324912708
162	-6.53959986223347
163	-7.23051428585771
164	-6.98283682582116
165	-6.88656818953292
166	-5.20893718055048
167	-5.11183456540651
168	-6.4695201254754
169	-7.16580468099236
170	-1.63813251255517
171	-6.19369832028672
172	-5.63506025135508
173	-6.02304148098724
174	-7.22994479650146
175	1.39346675652342
176	-6.98985839836151
177	-7.19991620631613
178	-4.3430451601024
179	-5.72657108579144
180	-6.95386462515999
181	-6.72042769319908
182	-4.74039288302358
183	-5.71867128917132
184	-6.41729048343496
185	-6.42507762943674
186	-6.36662541563013
187	-6.21496443787296
188	-7.24704611564234
189	-6.84685006405222
190	-7.24382452924221
191	-6.91164724892109
192	-5.66689869275911
193	-6.8593018056863
194	-6.91217072921498
195	-4.72372046610657
196	-7.19158760733855
197	-5.9558049262995
198	-4.62734538114632
199	-7.0269745382327
200	-6.41232637035435
201	-2.29258185404982
202	-5.6954465415063
203	-6.60125930243776
204	-6.96526067186363
205	-3.01588169424608
206	-0.865259196660618
207	-6.70258352033796
208	-7.02970668407527
209	-6.41655757718893
210	-6.75055708428537
211	-4.46534490826124
212	-6.88691330856043
213	-7.13060166827749
214	-7.13305829155991
215	-7.0079684829749
216	-1.38376353912616
217	-6.58338092120602
218	-6.22499542808075
219	-4.25235163371646
220	-5.66647813308315
221	-7.19703368966249
222	-6.5672659827075
223	-4.04563133332054
224	-6.80445556511987
225	-5.98836663076528
226	-6.77002293261504
227	-7.24416962440118
228	-3.87608526585079
229	-4.79410073908021
230	-7.13904261863269
231	-6.62974779519476
232	-7.25569900385933
233	-4.65654749359398
234	-5.9913049510886
235	-7.20001757544634
236	-1.92976360864304
237	-6.35735876141077
238	-1.45361632079355
239	-6.9245586198893
240	-6.6385322165373
241	-6.9409975705951
242	-6.98104577665959
243	-6.74983585687786
244	-6.76699045390539
245	-7.11223510534451
246	-2.80053322327054
247	-6.91152122653373
248	-6.30963589017235
249	-6.70310225913263
250	-6.87441029969344
251	-6.58397421115036
252	-6.21930548982072
253	1.39136962526222
254	-6.5373517934314
255	-6.48432771056529
256	-5.50004680554538
257	-4.75445453993508
258	-6.73331317686038
259	-5.57867435886255
260	-7.06429747368528
261	-3.90405447803899
262	-6.80033559408385
263	-6.53236460007993
264	-1.83102711776047
265	-7.13702784676989
266	-5.53286246967969
267	-7.25911389458711
268	-6.23891082419524
269	-2.56776112538215
270	-7.16344127814017
271	-6.70682888793688
272	-6.29419587874452
273	-4.4356316726734
274	-1.26874810980518
275	-5.38847804963247
276	-7.23516990641715
277	-7.06094625240593
278	-7.10626014302441
279	-4.90054860912122
280	-4.66870918530148
281	-6.77444596144152
282	-6.20058158582612
283	-2.92458920847151
284	-6.99486440222622
285	-6.67698268084459
286	-1.95590195148883
287	-7.19941622483827
288	-5.86769236529
289	-6.55577187917114
290	-1.54225903065009
291	-6.93466103820601
292	-6.8905213614271
293	-6.67679148420845
294	-2.13712486492625
295	-6.62767878153233
296	-7.18407696256871
297	-6.45646764062601
298	-5.48980769017217
299	0.286663853743214
300	-0.451632245338176
301	-6.52671064195527
302	-5.74787452222192
303	-7.08664272526731
304	-3.30747549218104
305	-6.39018691705122
306	-6.45821509512585
307	-6.62888760215505
308	-4.83191488988481
309	-3.04585397378666
310	-5.11774776661509
311	-6.75988015004018
312	-6.15698364087182
313	-5.88665596656675
314	-6.95643594211305
315	-6.94232945673582
316	-6.94522895499622
317	1.04984964823027
318	-5.72585594646903
319	-1.51259109888923
320	-5.67082598749159
321	-5.22069114600618
322	-3.6510062597457
323	-7.03564537051275
324	-6.55828895084145
325	-3.2983749027061
326	-7.26223903843274
327	-5.61727164571931
328	-6.54671122326039
329	-6.29328766602173
330	-5.60061304204197
331	-7.14526795501098
332	-7.01522062021966
333	-5.95420973101937
334	-5.91544507686123
335	-6.31344421554017
336	3.23660305688443
337	-5.07660663539794
338	-6.86837299641016
339	-6.04217434221761
340	-6.72017531130321
341	-6.12617782113069
342	-4.33209643053613
343	-6.86294881174352
344	-3.61462299285325
345	-6.83422592015843
346	-6.71486441745828
347	-6.4408962663791
348	-6.70285843154523
349	-7.18943439418677
350	-6.04285898561357
351	-1.04949797241882
352	-1.59115429807063
353	-5.59067311451528
354	0.919000674892651
355	-1.93714247454723
356	-7.18358692995025
357	-6.38834420383041
358	-6.67374900899603
359	-7.04669925258155
360	-4.71104245140784
361	-6.92079174161013
362	-4.34990029433747
363	-6.98908270201926
364	-5.14487046822567
365	-7.01942040977073
366	-7.25569065489464
367	-7.23587781487657
368	-4.5163382091071
369	-0.716881893313583
370	-6.94643683654777
371	-6.86616993464979
372	-6.83960057174825
373	-6.9833102656224
374	-7.21817142562397
375	-6.80551622772532
376	-6.69522732752563
377	-6.29604522939251
378	-5.43525086319724
379	-6.78764086055725
380	-5.83167182266017
381	-7.19672487146081
382	-6.482597869482
383	-6.50451452833993
384	-2.43726323509164
385	-6.23726964483617
386	-7.24841154695387
387	-6.95454002180764
388	-1.83608779673212
389	-4.29126370684114
390	-7.23906060006917
391	-5.32546580194072
392	-7.21843575948644
393	-7.22826946419546
394	-6.73839517218138
395	-6.26029278204829
396	-6.79423356467114
397	-7.04542239967009
398	-2.57780255252247
399	-6.54207052295875
400	-7.18928788712385
401	-7.13461658644319
402	-7.23089431098243
403	-7.10172216335853
404	-5.11083678472665
405	-6.96687855942691
406	-6.3221389919091
407	-6.68538069496893
408	-7.16857512989589
409	-5.53576568785504
410	-5.28909786853455
411	-6.43219417776766
412	-7.04068447659364
413	-6.83461571142284
414	-5.84757651850776
415	-5.10606256605237
416	-6.56748059418414
417	-6.20184979836864
418	-4.8701306017657
419	-4.25210047614724
420	-5.96674601027539
421	-0.968581556132771
422	-7.25342161956482
423	5.94715039348197
424	-5.1525016374024
425	-6.91365948473304
426	-6.82338226653887
427	-6.66633571940181
428	-6.95541343221269
429	-5.81106562346414
430	-1.06104443913273
431	-2.89234823383325
432	-0.923810593957895
433	2.09215278810547
434	-6.86824499800692
435	-6.38006080337758
436	-4.55813722363098
437	-6.07404875444976
438	-6.19879195507623
439	-6.38749588385069
440	-6.87109478707666
441	-5.79962296909253
442	-4.79548148840956
443	-6.76742370296858
444	-7.00739078696525
445	-7.26147385204887
446	-5.42758051773114
447	-7.0825692004862
448	-6.75072675565402
449	-4.01852110901076
450	-5.50973631695846
451	-6.38637004494128
452	-5.01668874475591
453	-7.18562663850966
454	-1.52163611383981
455	-5.97316280960032
456	-3.32925855116949
457	-1.83030639597081
458	-3.22234550348957
459	-6.81432815270116
460	-3.8867014111766
461	-7.23643017368375
462	-5.75067207386908
463	-6.27759919326336
464	-7.08932631527604
465	-5.95300828534408
466	-6.14559235546688
467	-5.4276359571952
468	-6.71006633565563
469	-5.25874423655876
470	-3.04488745987851
471	-6.687789335657
472	-3.25619113514276
473	-5.55935704156565
474	2.30095214215662
475	-0.676645242917893
476	-1.03417091647059
477	-5.10259887617762
478	-5.75265662962229
479	-5.36970990000199
480	-3.83952552045433
481	-6.12125912025179
482	-3.98932057219481
483	0.308942728528167
484	-6.82963161062194
485	-5.50873836436897
486	-6.86602121984521
487	-6.8141761538177
488	-6.86431162551554
489	-7.08369407452098
490	-7.11015697222455
491	-7.23064965722634
492	-6.80038538932914
493	-4.41753688774286
494	8.1360999948806
495	-7.16548742581225
496	-6.85969866852245
497	-6.43953522090385
498	-6.56288437107734
499	-7.07606090085901
500	-6.28195542802969
501	-6.73453785437003
502	-7.160023524708
503	-6.88056281433904
504	-6.56759193141653
505	-6.23585895068095
506	-4.17105229956499
507	-7.01253448758161
508	-7.16984861300039
509	-5.99266386357371
510	-5.50530483358036
511	-3.50020885780604
512	-6.34016617444549
513	-6.73361575520058
514	-5.50307744500601
515	-6.98393175854747
516	-7.23067828404836
517	-7.19121281248737
518	-5.98129436497574
519	-5.57963790712495
520	-7.20722387599057
521	-7.22158886030084
522	-4.42849002378528
523	-7.18069710367525
524	-4.58894337314453
525	-5.55176899582618
526	-7.11391375826851
527	-6.5285340572966
528	-4.4191562140797
529	-5.11017772594539
530	-1.84246901752784
531	-6.78343607025902
532	-6.15454531501648
533	-5.1785188012989
534	-6.38875364298
535	3.24402999494934
536	-5.2564602104167
537	-2.99478533346851
538	-6.87880427065636
539	-3.40127993571576
540	-5.4665233226826
541	-6.34687521633913
542	-6.47821102120615
543	-6.71433675049014
544	-6.15483046378609
545	-7.252640069828
546	-2.11633465009183
547	-5.89343118161377
548	-7.136088690205
549	-6.39931256036151
550	-6.17216179247779
551	-4.72762741368287
552	-4.02671337484843
553	8.9862389571308
554	-7.05821593628105
555	-6.3496919658749
556	-3.66190098687277
557	-1.88547080907548
558	-6.351902559796
559	-7.24179458354276
560	-6.72036237488476
561	-7.18138071487586
562	-6.8202245179396
563	0.643443427838101
564	-5.10363491527986
565	-6.84246756295005
566	-5.7265169688366
567	-6.59215896083578
568	-6.78109705822912
569	-5.6162246170286
570	-6.9985294856534
571	-7.02543978066443
572	-5.89227762903249
573	-6.83526351039106
574	-6.47667602593217
575	-5.95260241288272
576	-7.09042403094943
577	-2.43928501883034
578	-5.9766902624297
579	-6.84722110826811
580	-7.10715965819964
581	-6.96417663368994
582	-4.90995189215778
583	-7.14269341496481
584	-6.51016552062909
585	-4.67435537715712
586	-7.15941161306784
587	-5.53473148959906
588	-6.67925909022809
589	-5.7875749815618
590	-6.81710924121894
591	-6.89566697844304
592	-3.66899879002466
593	1.50666041944032
594	-7.20380603010992
595	-5.17037610598352
596	-6.72683226208978
597	-7.06108007639669
598	-7.24183446824755
599	-4.97402703592853
600	-7.01948117160483
601	-6.99305465329328
602	-7.17062877985005
603	-5.48858807450482
604	-7.23557718370552
605	-6.8524461025471
606	-6.52579733637771
607	-6.22106927698911
608	3.64219582956506
609	-0.731679799244813
610	-5.96025326989126
611	-6.45176153370108
612	-6.95735996230267
613	-5.98393252334066
614	-6.17501735581457
615	-6.9801618480474
616	-7.01660566411508
617	-7.14412494374367
618	-0.439193495707748
619	-6.70131819196074
620	-3.38337056725031
621	-6.94330649843637
622	-4.22751779160436
623	0.0204282057239501
624	-7.0160505065259
625	-7.1766332646088
626	-7.20991440032917
627	-7.12571542606781
628	-6.75875692506551
629	-2.82464553075982
630	-7.20102409935505
631	-5.10153759076988
632	-6.32666258298553
633	-3.97875515650296
634	-3.72299454586508
635	-7.07333155005455
636	-7.2469451019137
637	-4.68949468014366
638	-5.73417290538858
639	-6.79169988246787
640	-6.45689691336573
641	-6.56087169470422
642	1.1009680730564
643	-6.97231558338628
644	-6.143404725235
645	-6.80338766978928
646	-6.68622695184393
647	-6.67195646060555
648	-3.18723849229921
649	-7.2197717305654
650	-7.22313711049876
651	-6.64248285913045
652	-0.914779436936481
653	-6.6107728475496
654	-7.14989610808206
655	-6.73148012435684
656	-7.21970521214123
657	-6.00910069371567
658	-6.17732336937756
659	-6.72406241265873
660	-3.1291675267516
661	-0.0914286680512916
662	-2.19942666268192
663	-4.97237529756493
664	-7.22258471920803
665	-7.18181348901179
666	-7.18289451258155
667	-5.50384183901988
668	-6.98530159415665
669	-6.29950401638497
670	-1.08816541847081
671	-6.27820940479718
672	-6.53744657979228
673	5.12099731618598
674	-6.63225007002088
675	-7.05881547877337
676	-6.85261505248558
677	-6.56830670703379
678	-6.75395472470547
679	-6.44289724781827
680	-5.77960495342128
681	-6.59155334850741
682	-6.30673030915774
683	-2.00408903670819
684	1.86578570869758
685	-6.85622391735738
686	-6.77377036785109
687	-6.44278645908531
688	-4.43135322962577
689	-6.31164024458553
690	-5.21602451120376
691	-7.05819552499843
692	5.38157276726696
693	0.491291384266713
694	-3.77306399754596
695	-6.99730149752216
696	-5.57082830995703
697	-5.60332936873043
698	-6.41946981353644
699	-7.09783275582433
700	-6.06879754996115
701	-4.34285404532463
702	-6.04684565748422
703	-6.03999607836496
704	-7.25617735337429
705	-3.55018377101841
706	-6.2443855303704
707	-4.86756209437383
708	-4.33961506166604
709	-6.81536690491904
710	-6.17736362273637
711	-7.07420647669075
712	-7.09780790646618
713	-7.11152729176793
714	-5.31181900710873
715	-6.6561092554394
716	-7.01901029536997
717	-5.54655500758132
718	-6.16172373259548
719	-6.0703338233807
720	-4.21277519930318
721	-5.96263703239092
722	-5.01935270355753
723	-6.25430026498224
724	-7.04107626523192
725	-7.07236929592158
726	-7.10219735291506
727	-7.17493183383937
728	-5.16097407925338
729	2.96233657339181
730	-5.81911437556583
731	-6.90863350831101
732	-4.58247231864124
733	-6.46402556022936
734	0.582047511781268
735	-6.63927248250658
736	-0.289423352255507
737	-4.84664711808865
738	-4.50504251857564
739	-6.73754512617475
740	-4.37325153744383
741	0.653039543187161
742	-3.25994487816859
743	-5.15812719746823
744	-6.08733399319712
745	-6.9270560080016
746	-7.02570952165565
747	-2.40096760108462
748	-5.90449664806687
749	-6.97564179610722
750	-6.50598706547253
751	-4.92641960112942
752	-7.05595287380839
753	-3.93708068289517
754	-7.12879506074848
755	-7.2226089312514
756	-5.08513604749699
757	-7.16047073366357
758	-5.16173114961285
759	-7.14852097908329
760	-3.34136616975287
761	-5.82294638966197
762	-6.78662600473094
763	-7.01447187241476
764	-5.54987032934866
765	-6.79570209644368
766	-4.99296262787186
767	-6.8995882468371
768	-7.25790650988403
769	-6.99636061525446
770	-6.63248037911457
771	-7.09629225548492
772	-7.2594602776857
773	-6.10808814211968
774	-6.71809607692505
775	-3.90516651363189
776	-6.16125061429195
777	-6.60330357202979
778	-6.91438622312775
779	-6.55460000524123
780	-7.130369724298
781	-4.99782418027214
782	-4.3087778782947
783	-0.969705918049401
784	-4.69926088153913
785	-4.34147027584076
786	0.181696691389991
787	-0.26685689715074
788	-7.03896672697322
789	-4.86175357271127
790	-7.17216724302788
791	-4.38858859427306
792	-5.70890540274775
793	-6.11776939256139
794	-6.65167041791386
795	-1.19110588773894
796	-6.47959075144595
797	-6.4323543296093
798	-6.90818242181124
799	-7.14253343833117
800	-6.57274844695642
801	-6.25310790873271
802	-5.13957656638288
803	-4.0732042101584
804	-6.92031218970183
805	-6.55763565198858
806	-7.135466344392
807	-6.7487542968773
808	-5.62461618304595
809	-5.18639460681487
810	-6.83247826271891
811	-6.19547309743556
812	-2.65090884238585
813	-7.25449461693344
814	-6.97013421898135
815	-4.37403496971185
816	-4.51427554316151
817	-1.67516025314699
818	-4.60843680754881
819	-6.10932490996032
820	-7.18633033970905
821	1.3969782088467
822	-6.05784949437185
823	-3.8357842494851
824	-7.11799686723704
825	-7.16566585875481
826	-6.30184508183864
827	-5.63712948134714
828	-4.69548827527676
829	-5.42666393580827
830	-5.89611493498002
831	-6.67783826444034
832	-6.32731874357932
833	-3.39570140787053
834	-7.05925417192336
835	-4.17769055859552
836	-6.91509397948652
837	-2.65514872799659
838	-7.21616732328503
839	-6.49035031120307
840	-7.11292089777314
841	-4.56154814373275
842	-6.20473796619592
843	-2.35209242162091
844	-6.66060667992673
845	-5.54626716577376
846	-4.56475618860134
847	-0.0408457079819788
848	-5.69140986855272
849	-4.79783571516197
850	-4.30379404792359
851	-7.05137932631647
852	-4.43976896944106
853	-6.41813849122255
854	0.133183928674126
855	-5.11719159632707
856	-4.29528488051959
857	-6.40165788382916
858	-6.63063980616896
859	-6.65665970728471
860	-5.75929349373125
861	-6.37174816637717
862	3.31217944383286
863	-7.13195008221191
864	-6.03604948549035
865	-7.09117212366077
866	-3.84787703592252
867	-4.19945375502172
868	-6.5923085760339
869	-6.68354957082607
870	-5.50620109115954
871	-2.10957168398072
872	-6.24247512081314
873	-5.67010846296947
874	-7.21498680408122
875	-7.06629162870798
876	-6.65833201733122
877	-7.2055593481746
878	-6.25074074142225
879	-6.94993398650718
880	-4.17339932324697
881	-7.02539917528917
882	-7.07849666727354
883	-6.94920077940428
884	-6.88074441407993
885	0.443996103614294
886	-4.50456070483832
887	-6.56314920777663
888	-7.21435893500525
889	-7.25996714459361
890	-6.98736154850606
891	-7.25140502107331
892	-7.1102803907132
893	-6.98513619934574
894	-6.41600721130627
895	-6.75356813222731
896	-6.12557773110525
897	-3.39895233622253
898	-6.35591290567659
899	-5.73606632227973
900	-0.982073205328879
901	-5.90478330022645
902	0.781450578161307
903	-7.03050205401814
904	-5.43292086630462
905	-7.11306852649469
906	-7.11036081752139
907	-6.76103930354039
908	-6.83214473788007
909	0.832153761780242
910	-7.0106944166741
911	-6.05755814848742
912	-5.0995893753259
913	-7.19367341902416
914	-3.35060788585161
915	-6.69901370294126
916	-7.25440539999571
917	-5.33099192979586
918	-5.49153436279662
919	-4.09897211482796
920	-3.32790475583535
921	-6.87501530012493
922	-6.0157299452735
923	-6.57548853121562
924	-6.61924622947784
925	-7.17520077196868
926	-5.65133342491963
927	-5.31216495160028
928	-5.41875153261391
929	-1.79458640320399
930	-6.14653884018169
931	-7.06290510148978
932	-7.1783807324332
933	-7.24751768375388
934	-6.89557962942092
935	-5.83642496053711
936	-5.6651582774678
937	-6.81533848893937
938	-7.16730246473451
939	-4.48654540703072
940	-6.31859172092571
941	-6.70681662232832
942	-7.01184533594401
943	-4.23170235208138
944	-5.58363147640286
945	-7.13129427652818
946	-7.17614435759134
947	-7.22405116120092
948	-4.29765633554252
949	-6.33349156420486
950	-7.24415461506498
951	-7.00810564269339
952	-7.19637276085382
953	-3.04158811899782
954	-6.30113688090517
955	-6.46060026607518
956	-6.05512515434801
957	-5.94835692454516
958	-6.81349457413249
959	-6.76485148713135
960	-4.51128632016378
961	-4.75484829274356
962	-6.6819778235304
963	-7.09051527085602
964	-5.8767142212412
965	-0.682094002253701
966	-7.18180049314597
967	-5.49983960106347
968	-7.12826431182091
969	-1.82320571277778
970	-7.02739767887243
971	-3.92036867418201
972	-6.8782645277276
973	-3.85547698175217
974	-4.92553987570843
975	-6.70575659144153
976	-5.1651915328764
977	-6.76648747073225
978	-6.55569086024706
979	-4.03062718197224
980	-5.67695303701846
981	-3.91789115768129
982	-7.13796625279345
983	-7.08303144600094
984	-2.14601185546623
985	-5.97214311135949
986	-6.43952909761606
987	-7.21344095892237
988	-6.58342550333856
989	-7.11062629343623
990	-6.26533432452448
991	-6.53447118478608
992	0.0507732348420373
993	-2.8394124920422
994	-7.05570474121712
995	-4.80139671621187
996	-0.456393502540794
997	-7.11233459056704
998	-6.52162781576146
999	-5.45216855457243
1000	-7.0334441730089
1001	-6.34813293092323
1002	-5.16322347003573
1003	-6.46753520478419
1004	-5.47487041877905
1005	-5.93284153373514
1006	-7.18596913277414
1007	-4.19486912453479
1008	-7.03524292281895
1009	-6.58793459271378
1010	-7.14648025382342
1011	-3.57209736951523
1012	-4.00488321383045
1013	-7.23954226647948
1014	-1.77823051993828
1015	-5.18851197726429
1016	-6.63770161365835
1017	-5.62530678961358
1018	-7.21022803160882
1019	-7.20614435327125
1020	-7.23083838657864
1021	-7.09567256487075
1022	-5.68668601789485
1023	-6.91793394668619
1024	-2.02027278315596
1025	-6.71910184190768
1026	5.77137229963948
1027	-4.98446943551888
1028	-5.70507489608903
1029	-2.19644876138183
1030	-7.1661822296828
1031	-2.67876540328878
1032	-0.729499192459398
1033	-6.75466234737645
1034	6.95694387774978
1035	-3.18218825630676
1036	-5.51106649145295
1037	-6.38455825858393
1038	-6.91299593108316
1039	-2.42792732572501
1040	-5.48517869413896
1041	-6.26124322190982
1042	-6.48440471760366
1043	-6.92837732782665
1044	-1.35140886480864
1045	-5.13100743255806
1046	-2.54897266918827
1047	-4.06413618317905
1048	-7.05753083202278
1049	-6.01917388130578
1050	-5.3488785194484
1051	-5.08756402224392
1052	-6.94405297706485
1053	-5.33672822203463
1054	-7.12274851043729
1055	-6.13887926554607
1056	-6.61402026541999
1057	-5.65863471833076
1058	-6.3583829870829
1059	-7.23430273811548
1060	-7.06118581837788
1061	-5.97549321148731
1062	-6.80485322527023
1063	-5.26903549857581
1064	-0.753355491178734
1065	-4.26570588536476
1066	-6.76018207106207
1067	-4.84871463484514
1068	-3.11884223770988
1069	-5.36755508276128
1070	1.63014600390734
1071	-7.03362302133425
1072	-6.77564087773324
1073	-2.09553054147284
1074	-5.65965087913692
1075	-5.0989927295503
1076	-6.80899356511719
1077	-3.96749546907677
1078	-6.26222080857325
1079	-6.62664286280386
1080	-6.10505426343136
1081	-6.34922167207071
1082	-6.5510971722225
1083	-6.47473883980275
1084	-7.24962036803619
1085	-5.73727649809202
1086	-7.09540678262276
1087	-6.39271510550789
1088	-6.91386378065198
1089	-6.50127631531327
1090	-5.26877592243115
1091	-5.86118544460111
1092	-5.42901104067083
1093	-5.7157959003242
1094	-3.61176288729979
1095	-6.87068399970195
1096	-7.07084669296016
1097	-3.46761334986912
1098	-6.59776746321128
1099	-6.14500326800086
1100	-7.23186622260814
1101	-3.01558103287591
1102	-4.10406660866068
1103	-6.6211613252484
1104	-5.73432549506447
1105	-6.88139457071718
1106	-2.38639396662575
1107	-7.13134225066957
1108	-6.90267930519597
1109	-7.20565637579674
1110	-6.86930550465609
1111	-7.22111539754125
1112	-6.81232599635582
1113	-7.05507352100674
1114	-6.69732062213333
1115	-6.23349633818642
1116	-6.05010421160237
1117	-6.10224136008171
1118	-6.69040536248061
1119	-6.65203061653457
1120	-6.85503145883145
1121	-7.24140693823801
1122	-5.75152601479991
1123	-3.50518746844736
1124	-1.5661691851103
1125	-7.16769104905022
1126	-7.20421362063417
1127	0.230102769580925
1128	-4.40141581688131
1129	-5.58889753204609
1130	-7.21996109908063
1131	-7.1946682467539
1132	-7.10654125332016
1133	-3.98693295046906
1134	-5.55631516029371
1135	-7.17708483615725
1136	-6.4253236593395
1137	-6.04062584659214
1138	-2.22284247327054
1139	-5.84088106718006
1140	-4.71131447683793
1141	-6.92915247192191
1142	-1.75494805871295
1143	-7.19476951115421
1144	-7.18777095963042
1145	-6.49481974856093
1146	-2.48143265851641
1147	0.116136710916347
1148	-7.10510866210257
1149	-6.70899880961668
1150	-7.0296498158444
1151	-6.23078177291317
1152	-6.67528698165721
1153	-6.83523477376284
1154	-7.10686687695904
1155	-7.00692558653995
1156	-6.8527601880984
1157	-5.60620079907528
1158	-6.89314760760418
1159	-6.22359017545345
1160	-5.46957349200836
1161	-5.22701183580939
1162	-6.55110606282394
1163	-5.96806745116822
1164	-5.49104484263309
1165	-6.84616974618102
1166	-6.47530904553691
1167	-6.03865604757144
1168	-7.23186428076784
1169	-5.94920640793512
1170	-6.78516857453305
1171	-3.63737488860038
1172	-3.41771419424527
1173	-4.88107406808985
1174	-6.36127024825242
1175	-6.99924225955456
1176	-7.24054669041278
1177	-7.23502407893613
1178	-7.11824614824501
1179	-6.94941111436886
1180	-4.0591049624905
1181	-6.14996543020747
1182	-6.90579835291603
1183	-6.92668877697746
1184	-4.95059837783746
1185	-6.24885624793464
1186	-6.47671075558943
1187	-7.01153118483301
1188	-6.48060571319203
1189	-6.85326840871526
1190	-6.17248228540032
1191	-6.60082116621289
1192	-4.5977939212274
1193	-6.64759468554922
1194	-5.89453962789894
1195	-6.81510816914892
1196	-6.66826968353382
1197	0.431622222272793
1198	-6.88661633830224
1199	-5.00039788067101
1200	-7.0265231431245
1201	-6.97935540006766
1202	-7.08427131243694
1203	-7.22316441023765
1204	-6.14861368238171
1205	-5.2607807152157
1206	-6.98565219652612
1207	-7.13490504424999
1208	-6.18223212989641
1209	-6.58773221541884
1210	-6.70113546044009
1211	-4.86485874988602
1212	-6.53701608308578
1213	-7.23191698004247
1214	-6.30406062452899
1215	-3.20500961852633
1216	-6.19994158338713
1217	-5.69829393425662
1218	-6.83159223602537
1219	-2.00972856802451
1220	-0.221942215110238
1221	-6.98797889845374
1222	-7.18550845272254
1223	-5.544922148767
1224	-4.35774969674444
1225	-6.66211284205177
1226	-7.09507146477616
1227	-6.15178221789566
1228	-5.29199691731504
1229	-7.00659976705654
1230	-6.33436920535723
1231	-6.41160632660736
1232	-6.79913311320249
1233	-3.05785039604628
1234	-5.46783857123373
1235	-6.41118647975775
1236	-3.2577255306356
1237	-4.61289981925285
1238	-6.72681149978787
1239	-7.2136797830632
1240	-0.449517470195135
1241	-6.87736391617776
1242	-7.23872521067689
1243	-6.58099096884981
1244	-3.98203403746827
1245	-6.10685606201503
1246	-3.92972760597663
1247	-7.0449284266869
1248	1.50479450368303
1249	-5.72381617936171
1250	-5.09462300810218
1251	-5.36839815481883
1252	-5.67344758192221
1253	-3.82427439144719
1254	-3.83262131125594
1255	-4.89335846317684
1256	-7.20101139116787
1257	-7.08869937980851
1258	-3.6730075397851
1259	-6.59516922934649
1260	-7.24828437145532
1261	-6.23458726560428
1262	-4.62453321091159
1263	-7.23206509285421
1264	-7.25473681492597
1265	-7.17916033977046
1266	-7.00825542312582
1267	-7.04888394122695
1268	-5.52718715272692
1269	-7.08123769162881
1270	-5.21053575580894
1271	-7.03345249839238
1272	-6.87288684161804
1273	-3.11248502481717
1274	-5.73871502325631
1275	-6.34311591546719
1276	-3.51693558078079
1277	-2.01201966274469
1278	-5.97983196931287
1279	-6.57628214366719
1280	-4.70050395704249
1281	0.857629384334103
1282	-5.79018329802969
1283	-2.22752075730104
1284	-6.2124490587155
1285	-7.22289761806866
1286	-6.83060288753359
1287	-6.51800316654116
1288	-6.8513523906609
1289	-6.85731367274817
1290	-4.30034433456235
1291	-7.13711790894731
1292	-2.89758525787378
1293	-7.02443161697053
1294	-7.13889853651553
1295	-7.19027509857288
1296	-6.33889217925811
1297	-7.18083570138466
1298	-6.53585010300843
1299	-2.44844167443459
1300	-7.0507813779786
1301	-6.04210083597129
1302	-5.92782525061845
1303	-5.28525185239656
1304	-7.04086636309152
1305	-6.90565071464044
1306	-6.77017230155958
1307	-7.14893489730398
1308	-6.55703129095406
1309	-5.30399081301775
1310	-3.92929527403104
1311	-6.98620312601578
1312	-6.57015922511849
1313	-4.32719553953533
1314	-7.18089989102291
1315	-6.90859492490906
1316	-6.28012923711048
1317	-7.07509381568099
1318	-6.48304544101573
1319	-6.03211291968298
1320	-6.89941092172
1321	-6.22565219474951
1322	-6.50705890918494
1323	-3.63492712802594
1324	-4.76517334349786
1325	-7.09427008424503
1326	-7.26206946066681
1327	-6.43821753371402
1328	-6.64203652413602
1329	-7.26504487528191
1330	-5.8472838262893
1331	-7.06682343637154
1332	-6.73625011693322
1333	-6.65864544077311
1334	-6.85247215869337
1335	-6.62860735035548
1336	-4.94469380968727
1337	-4.67425464641871
1338	-4.64638698527383
1339	-6.60072468958614
1340	-3.85636102735029
1341	-7.10795678524101
1342	-1.92815482774367
1343	-6.81983214921051
1344	-7.18596450826295
1345	-6.1840187479574
1346	-6.81460050842997
1347	-5.11398507755413
1348	-5.3405352350309
1349	-4.05770807290472
1350	1.09862367259969
1351	-7.00640255817203
1352	-4.94622914723392
1353	-7.1058563701403
1354	-4.14658067460178
1355	-6.58510902905046
1356	-6.27344489805702
1357	-6.13863018556934
1358	-7.02416786640912
1359	-3.36534331242281
1360	-7.07810616712462
1361	-6.3896530481562
1362	-4.54825546114166
1363	-6.73600489186689
1364	-7.0966226174582
1365	-7.23178881907021
1366	-5.62993613392009
1367	-7.20805379955596
1368	-6.20831432360194
1369	-6.64958495606284
1370	-6.81542014034025
1371	-6.67692100032221
1372	-6.77348485274639
1373	-4.27462772529114
1374	-3.77699781489506
1375	-5.0854018204601
1376	-6.97680441150954
1377	-7.13226935357243
1378	-6.99507210516432
1379	-6.85514048349873
1380	-5.1870702070471
1381	-6.57880836097874
1382	-6.97906781783183
1383	-5.80655353079498
1384	-5.97418660424891
1385	-5.86162507523573
1386	-3.87915656663101
1387	-4.17757741617204
1388	-3.04423890641786
1389	-6.6547193327676
1390	-7.01549340979791
1391	5.35060594394997
1392	-6.23944111061961
1393	-5.9265632469939
1394	-7.10696841660612
1395	-4.68811217412379
1396	-6.17840791306058
1397	-7.05991613185966
1398	-6.49108818515421
1399	-2.61900610477179
1400	-5.98030106124662
1401	-7.24091713171483
1402	-7.06557308112326
1403	-5.98067281532195
1404	-4.93285382839954
1405	-6.81895692820194
1406	-6.98884990894412
1407	-6.29602228420609
1408	7.50052587592375
1409	-5.7883187953412
1410	-6.13827875691312
1411	-7.03251887104232
1412	-6.90159816916732
1413	-6.03933804925141
1414	-6.89619103910712
1415	-6.83224834137482
1416	-7.23004909681279
1417	-6.90139277841416
1418	-7.24109988562818
1419	-6.39447533270649
1420	-3.87708915627645
1421	-1.89893222563129
1422	-6.74156610681685
1423	-6.28893366024546
1424	-7.05409279698586
1425	-6.01504417775475
1426	-5.03178554518667
1427	-3.69865322717701
1428	-3.55923446574672
1429	-6.69457409623649
1430	-5.73872228637261
1431	-3.83701936109887
1432	1.49074446145387
1433	-5.949757274515
1434	-7.17633196775916
1435	-6.49008944177127
1436	-7.13991547742388
1437	-6.38897368556499
1438	-5.62037090542806
1439	-6.30626466547731
1440	-5.20836465015102
1441	-6.84079313102311
1442	-6.07468752979148
1443	-6.89758882316165
1444	-2.47076802877875
1445	-7.11381867013052
1446	-5.63138162252556
1447	-6.70007956670705
1448	-6.83874596621694
1449	-6.66764087729756
1450	-6.87519430520402
1451	-6.55788524012942
1452	-7.1838372178862
1453	-2.42593507382589
1454	-5.52757759769611
1455	-7.16271729348857
1456	-5.35862427580095
1457	-6.14075441659346
1458	-5.15114664281889
1459	-2.96164756821104
1460	-0.190273554888379
1461	-7.11559965455693
1462	-6.07139122809251
1463	-6.0372376174877
1464	-2.35021449767412
1465	-6.9503079813895
1466	-5.18344548819976
1467	-7.16384361646092
1468	-6.66809294471833
1469	-6.95339560748926
1470	-5.95686164372294
1471	-3.30333185605068
1472	-7.23325944646618
1473	-6.89741524994318
1474	-6.99240310257464
1475	-5.4091757957083
1476	-3.98094828080202
1477	-6.7812058606506
1478	-6.6156673811401
1479	-7.23156374400248
1480	-4.4679424768205
1481	-6.94563403396075
1482	-7.03590183241774
1483	-6.93010462476296
1484	-6.8881508733016
1485	-5.56559995903805
1486	-2.16290120120369
1487	-7.20962943196906
1488	-4.67783308768914
1489	-6.7736190826278
1490	-6.98516389051112
1491	-7.09426579663876
1492	-6.74940791651762
1493	-4.20522029832159
1494	-6.70067683747099
1495	-6.41303517650644
1496	-7.25139716037995
1497	-5.90915830863138
1498	-7.25307748280821
1499	-6.60101956085249
1500	-6.4659755750116
1501	-6.94822945925905
1502	-7.11474425413075
1503	-3.45132698040459
1504	-6.74864090676779
1505	-7.21896314743513
1506	-5.94822697536032
1507	-6.86586179814965
1508	-7.21746297285404
1509	-7.02375652407572
1510	-6.66323746188152
1511	-4.12114534060227
1512	-7.17625825796694
1513	-6.94067222595147
1514	-0.00692029688859057
1515	-7.06668034548908
1516	-0.0920883130179591
1517	-7.09369005373489
1518	-6.83173050744206
1519	-3.59479650064914
1520	-5.46413648359379
1521	-5.42978963769835
1522	-4.22130097763949
1523	-2.12590083868866
1524	-5.88594307238714
1525	-7.24371756056694
1526	-3.02961722795857
1527	-6.30258721870842
1528	-3.32566459639023
1529	-6.25408778084882
1530	-6.69130649314716
1531	-7.24509066077515
1532	-6.94734253268882
1533	-7.16650975295137
1534	-6.83583442681717
1535	-7.03515227416039
1536	-4.7174527783759
1537	-5.44733357274198
1538	-6.84783208283588
1539	-4.56779405729649
1540	-4.42805313036834
1541	-6.42811095841986
1542	-6.73154754423022
1543	-5.78373214593295
1544	-6.22604292125201
1545	-6.7320563355631
1546	-7.03522338523698
1547	-5.57506108123045
1548	-5.68741435883834
1549	-6.6850379260112
1550	-5.79817267019511
1551	-7.1913104777904
1552	-7.16490383194947
1553	-6.5269118845814
1554	-0.0409236363878797
1555	-6.99973073256022
1556	-6.39904360725673
1557	-2.69931302856945
1558	-6.93928256680935
1559	-6.64034105351651
1560	-7.22096826638827
1561	-4.78765522910864
1562	-1.44789256734023
1563	-5.12808077431855
1564	-3.40103238120366
1565	-1.73712920484257
1566	-6.71285887730318
1567	-6.97060224329234
1568	-6.87283874040417
1569	-5.79143531980671
1570	-6.99434118457019
1571	-6.74995909202687
1572	-1.2612193613452
1573	-2.16194239947275
1574	-1.25884548845984
1575	-6.20603695880978
1576	-7.25229739742458
1577	-6.34231012800799
1578	-6.45833738080438
1579	-6.7523382157288
1580	-0.119614538838095
1581	-6.43826112645102
1582	-6.83299441816635
1583	-5.41373119479198
1584	-4.22237283182329
1585	-6.56406920709801
1586	-5.47932630731445
1587	-6.5161201903263
1588	-6.32181698992938
1589	-7.09045200755626
1590	-6.54306843291489
1591	-5.79706944492933
1592	-7.24492064407071
1593	-6.97815490917689
1594	-5.25299850208779
1595	-6.92126784781974
1596	-6.67653736081362
1597	-6.79466016244178
1598	-7.16451336237271
1599	-7.22498064095179
1600	-6.06262528737137
1601	-6.07017631201774
1602	-6.42827583342668
1603	-6.82405189535426
1604	-6.97427984504087
1605	-7.11116515184338
1606	-6.73515139151539
1607	-4.98841486307666
1608	-2.668840364098
1609	-5.50253900409881
1610	-3.78150903689737
1611	-6.04947003910924
1612	-5.07108557820665
1613	-2.86011870241571
1614	-6.46658209941652
1615	-6.28304184725142
1616	-6.62071427094351
1617	-1.46729284286057
1618	-4.4305213948988
1619	-3.079555144902
1620	-4.75493174078057
1621	-1.65564342796286
1622	-4.46632874020939
1623	-5.90233272514813
1624	-5.27651874877265
1625	-7.17495099705918
1626	-3.84343848762255
1627	-6.63545853255024
1628	-6.94371761043888
1629	-6.1879123835213
1630	-5.88823846512377
1631	-3.6276243671198
1632	-7.1617154962548
1633	-4.44934963827805
1634	-7.03006838514827
1635	-6.67947151956405
1636	-7.19514749963931
1637	-7.25785219984976
1638	-6.07949625661917
1639	-6.9085319996501
1640	-6.50456323095338
1641	-5.50743674359364
1642	-6.54233462182689
1643	-5.29958084049533
1644	-7.13419587684008
1645	-4.40613598281897
1646	-6.65979563540297
1647	-5.78045571658191
1648	-5.72343022013411
1649	-5.90863276790259
1650	0.831795807409671
1651	-6.5170412132748
1652	-6.32895981106518
1653	-6.42272516915659
1654	-6.55032826096322
1655	-7.04802231155348
1656	-6.16561737026079
1657	-6.25221855314638
1658	-5.38579452572464
1659	-0.406828080386548
1660	-5.32849188528423
1661	-6.30865138207281
1662	-3.70049119993684
1663	-7.12986401510204
1664	-5.33235023773011
1665	-7.11625116352967
1666	-5.88152852280239
1667	-3.83819362095051
1668	-1.22287790774808
1669	-6.82761336294184
1670	-6.50088984468174
1671	-5.29140150159698
1672	-5.09705972710155
1673	-1.63158803859318
1674	-6.95915600875553
1675	-4.2045182917833
1676	-6.36724169563432
1677	-7.24983777005377
1678	-6.16683514045509
1679	-5.04254165470937
1680	-5.90082907493573
1681	-0.148811642752105
1682	-5.86156882892289
1683	-7.17958679067724
1684	-6.5042455867727
1685	-6.55711461985732
1686	-5.53239750813248
1687	-6.64214268296546
1688	-5.51119992813465
1689	-7.05111062330624
1690	-6.6004480475552
1691	-6.66725734877136
1692	-6.02470306358867
1693	-4.48904964798226
1694	-3.00759441676777
1695	-7.16541606245585
1696	-4.43380649089246
1697	-6.22687763705375
1698	-7.04451797259836
1699	-2.19284477315228
1700	-2.2335746962913
1701	-7.08961627580913
1702	-6.14759303221448
1703	-5.15352783521327
1704	-4.36714368025971
1705	1.04343592067789
1706	-6.43016656715589
1707	-6.62843926470105
1708	-6.67873351789579
1709	5.15688206344427
1710	-2.95240257558115
1711	-5.73752203820437
1712	-6.75333302110387
1713	-6.90033315792768
1714	-6.69619842654225
1715	-6.94339676561765
1716	-6.78170066195862
1717	-1.10654646203895
1718	-7.25107328505776
1719	-6.83369955128468
1720	-6.98441640369078
1721	-7.17820345854806
1722	-3.06870412428194
1723	-7.07154990919872
1724	-6.2492979045888
1725	-2.50286931955576
1726	-6.60006924794706
1727	-5.91969892493274
1728	-4.13696353002649
1729	-7.09482028021218
1730	-6.7855096436123
1731	-6.83009155854719
1732	-7.06191331348788
1733	-5.87726585450678
1734	-5.91194713239744
1735	-6.73913086511257
1736	-6.50722529135236
1737	-6.98631733849361
1738	-6.62960743991183
1739	-6.06014562753302
1740	-7.14155908651716
1741	-4.87624296896875
1742	-7.11871576532837
1743	-6.85483389214961
1744	-1.3858930435451
1745	-0.466867312220428
1746	-7.13107183312662
1747	-7.00904455731324
1748	-5.41541628299235
1749	-5.60311032432007
1750	-6.14538998363784
1751	-5.80446270557241
1752	-6.25949472646192
1753	-7.19129796142323
1754	-5.98869377146649
1755	-1.67278254919813
1756	-6.41664237790381
1757	-6.01151061577211
1758	-5.62293276233365
1759	-4.05097101931376
1760	-6.69160624672797
1761	-6.7660798455182
1762	-6.4870408185387
1763	3.6516836772901
1764	-5.39380647417286
1765	-4.79876461565203
1766	-5.16714939592615
1767	-3.3175037348908
1768	-2.99542696133163
1769	-7.19628489847649
1770	-7.24893559264071
1771	-6.91183493264181
1772	-6.41102867897046
1773	-6.06391238526024
1774	-6.19628026622922
1775	-1.51183691011797
1776	-7.20086054084322
1777	-5.85994850030964
1778	-6.52021338753206
1779	-5.61009775251139
1780	-7.14112684229217
1781	-6.62844633491043
1782	-6.80791950201782
1783	-6.27003187634045
1784	-6.54046257436096
1785	-3.654221308727
1786	-7.24908033350992
1787	-6.57692856182035
1788	-5.7387823183
1789	-6.5668050394155
1790	-6.88379840193955
1791	-7.0736609443616
1792	-3.8079386300898
1793	-4.18879689466318
1794	-6.39503313156891
1795	-5.85960826810669
1796	-7.03568901283931
1797	-6.53307309744555
1798	-7.25831693694534
1799	-6.91458248647159
1800	-6.9527893606275
1801	-2.78844551458756
1802	-4.06197262135829
1803	-7.24834263118965
1804	-7.06247788893483
1805	-6.58948611765454
1806	-6.87021033094289
1807	-6.81270392268312
1808	-4.17677399676187
1809	-4.5655610327444
1810	-6.20216650659497
1811	-4.81371675788339
1812	-3.70887244633301
1813	-5.13691150311928
1814	-4.2188464571803
1815	-6.01071821651293
1816	-4.64990277409547
1817	-6.78751318367104
1818	-6.98781345748297
1819	-7.07893093939053
1820	-3.91409597358573
1821	-7.0754197451977
1822	-6.82539103102253
1823	-7.127645708407
1824	-4.06552025150543
1825	-5.73294789174699
1826	-6.31195448320793
1827	-6.46054160939067
1828	-6.88635217962631
1829	-7.03642344488932
1830	-6.78995421855799
1831	-3.70748278838514
1832	-7.13361221396958
1833	-6.31266774342869
1834	-6.9689771017022
1835	-6.88545775220235
1836	-6.74650201034686
1837	-6.87931344453761
1838	-6.047908550046
1839	-6.62775165955108
1840	-7.00697575058243
1841	-7.19291686464122
1842	-6.25784283628137
1843	-6.94246996382504
1844	-5.06467806385159
1845	-6.96959657037621
1846	-6.56938356072983
1847	-7.19982433114724
1848	-6.29322538369591
1849	-3.71573484610102
1850	-7.20366202057885
1851	-6.94408210475242
1852	-7.1802882351711
1853	-6.11265153951467
1854	1.69533796352166
1855	-7.18872833123081
1856	-6.51684564740959
1857	-6.19757820860309
1858	-7.17327485523972
1859	-6.60842051682177
1860	-5.93403956885564
1861	-5.44877553172686
1862	-7.09553139094752
1863	-6.58675938982077
1864	-6.01280614473918
1865	-6.64209981083592
1866	-0.140878049728605
1867	-6.5294304480387
1868	-6.48798465867206
1869	-6.65477267780412
1870	-6.32144036575916
1871	-6.70207084377236
1872	-7.24453403379115
1873	-6.96842070381262
1874	-7.05577310509986
1875	-6.03650194738424
1876	-2.38285380357039
1877	-6.98548050642821
1878	3.05918040456794
1879	-6.08385733813008
1880	-6.85479901840125
1881	-7.03246628787667
1882	0.428867261742312
1883	-5.90595084371807
1884	-4.89401134892657
1885	-5.29701798083267
1886	-4.14873696917959
1887	-6.52631540767464
1888	-6.47131388783332
1889	-7.20646043218126
1890	-5.58199115472611
1891	-6.78687235308105
1892	-6.3230320168549
1893	-3.90156412021965
1894	-7.06174244796665
1895	-6.44291513037057
1896	-6.43699053662836
1897	-1.16133449981176
1898	-0.256744181825582
1899	-6.90388102871059
1900	-4.79597515384358
1901	-6.96206789416111
1902	-3.33185077819188
1903	-6.87564025042467
1904	-6.19566889677423
1905	-5.99909479117762
1906	-7.14320909661375
1907	-6.67914477708157
1908	-7.0043021181772
1909	-5.83061541101376
1910	-7.11187807763162
1911	-6.76049268875159
1912	-7.08671997746006
1913	-6.3441175131379
1914	-6.47377169310809
1915	-6.05511593010796
1916	-6.50531268418905
1917	-6.29165415487367
1918	-5.21848934940081
1919	-4.3595445578444
1920	-1.96798695055848
1921	-7.04843628187879
1922	-6.68038495922238
1923	-6.31162102491228
1924	-7.25468051450719
1925	-6.74920781425871
1926	-7.16389310656118
1927	-6.56302382779416
1928	-6.86394952853299
1929	-6.67934280632046
1930	-1.21973106645999
1931	-7.23873937728291
1932	-6.11864381836708
1933	-6.61154677158008
1934	-1.91130228777482
1935	-6.02295147731736
1936	-6.75578539408852
1937	-7.19983176584531
1938	-6.1769443790887
1939	-6.77197702715909
1940	-2.9099266277345
1941	-6.99981137873491
1942	-7.24792708774212
1943	-7.18404488093836
1944	-7.18448537628753
1945	-6.60464754045316
1946	-7.23753942744964
1947	-6.08294598596843
1948	1.16454882118101
1949	-6.68608349857755
1950	-4.28086067945343
1951	-6.91187435471562
1952	-6.12383523218913
1953	-6.75118212838416
1954	-3.42727233361836
1955	-6.03312259902069
1956	-4.26188163612139
1957	1.11221880176228
1958	-5.53589041645217
1959	-5.96620855863147
1960	-4.59137545570027
1961	-7.07195298885259
1962	-4.40668903066032
1963	-3.17338707369321
1964	-7.06583890839918
1965	-6.14498170052962
1966	-4.63285009163141
1967	-7.18611471692085
1968	-0.68366491140446
1969	-6.96096812794938
1970	-4.26784954655283
1971	-7.21094809348452
1972	-6.98871359278214
1973	-3.66825081667136
1974	-7.25352754433998
1975	-7.19409075672639
1976	-6.79927050842139
1977	-6.54678370194408
1978	-6.55862086630543
1979	-4.00757230225335
1980	-7.06865819435414
1981	-3.72501383933295
1982	-3.72875617543861
1983	-6.97417168615189
1984	-6.34013101806298
1985	-7.12697945910055
1986	-0.712850943107635
1987	-6.33764023681869
1988	-6.64990847699789
1989	-6.87254632946015
1990	-5.85878570388993
1991	-7.00861946774994
1992	-5.48029990780149
1993	-2.91755141840195
1994	-6.71612933685128
1995	-6.18743462233414
1996	-6.77431597445024
1997	-5.67220037195071
1998	-6.82732057258359
1999	-6.74955568205532
2000	-6.75369450658193
2001	-5.37108043362837
2002	-5.39026332512694
2003	-7.18736101961754
2004	0.310386784156049
2005	-7.05350516637378
2006	-7.23107098561153
2007	-3.91396987536653
2008	-5.63495386548125
2009	-7.11868465053236
2010	-5.6112791429705
2011	-6.41426874398752
2012	-6.35567614515718
2013	-7.26119480666298
2014	-4.71284329373451
2015	-5.5012555490083
2016	-5.65652113514698
2017	-4.39809703660284
2018	-6.23981645395876
2019	-3.30080729147808
2020	-7.06288459898677
2021	-6.7013449366262
2022	-4.72913709025366
2023	-6.9425181268796
2024	-6.40660294359004
2025	-3.96314245395005
2026	-5.94212317109927
2027	1.82800966458387
2028	-7.20931579236734
2029	-6.6398634821044
2030	-5.43857288842892
2031	-0.690372321714367
2032	-6.3193687049232
2033	-6.98510053866982
2034	-4.96328660531179
2035	-7.02124935788391
2036	-4.33238772620816
2037	-7.13084739037113
2038	-6.77139222000908
2039	-6.57496072830652
2040	-6.7265963208695
2041	-6.01818945696006
2042	-0.423389292049926
2043	-6.72191035555327
2044	3.23454187366688
2045	-6.36184799855755
2046	-7.07494840485213
2047	-7.05639526171492
2048	-6.95005897594465
2049	-2.87806297749767
2050	-7.17323833755518
2051	-3.52276505092623
2052	-5.03074807526859
2053	-7.12424101254164
2054	-4.48335704932185
2055	-4.85208297862496
2056	-6.99414423110665
2057	-7.0944613839162
2058	-5.87068492820854
2059	-7.24994412898146
2060	-4.54552049445314
2061	-6.91773918209747
2062	-6.90168307715852
2063	-7.08732388727886
2064	-6.77096685698106
2065	-7.21864916808056
2066	-6.57121484596853
2067	-7.1756590323689
2068	-7.17558833076439
2069	-5.93983021633624
2070	-5.91247230864984
2071	-6.57811288275834
2072	-6.85202900976286
2073	-6.77639274881603
2074	-5.20286094416848
2075	-6.26087078644587
2076	-7.05574396049251
2077	-6.75458221391067
2078	-5.66386898545197
2079	-4.07552688521022
2080	-6.48505829216663
2081	-7.07498224504896
2082	-7.1172821850066
2083	-6.86209696839255
2084	0.173963730003365
2085	-6.51112828597475
2086	-6.92516888491278
2087	-3.74797246117813
2088	-6.99980366126658
2089	-6.61204037009183
2090	-7.09110662807804
2091	-5.83570430162792
2092	-6.84661346394114
2093	-5.9606572511392
2094	-7.21472387972592
2095	-7.2644857629281
2096	-7.04119510557998
2097	-6.48686036416828
2098	-6.11015749967284
2099	-6.21795056514582
2100	-6.92815163690026
2101	-7.19258547519067
2102	-6.47338805209312
2103	-5.38866117343082
2104	-5.50085063624592
2105	-6.52306905544403
2106	-5.9014139236007
2107	-6.71872372439118
2108	-4.55026765720246
2109	-6.27558286511155
2110	-6.76242595383529
2111	-5.91157999914945
2112	-6.65340886969748
2113	-0.388784040836505
2114	-7.22775446711206
2115	-6.87685531851757
2116	-4.46385487547282
2117	-7.15914898042035
2118	-5.13953320851045
2119	-6.86152433908158
2120	-7.15134056129388
2121	-6.82147620793461
2122	-5.98115916029415
2123	-6.74952183226402
2124	-6.41907674210469
2125	-7.25811188996732
2126	-5.63317043176203
2127	-5.87355630727427
2128	-7.25073337614531
2129	-5.0095512742978
2130	-6.33085900393891
2131	-3.78165755856422
2132	-7.14907399512898
2133	-5.88064333285808
2134	-6.43842187029594
2135	6.08682679209119
2136	-5.76955868696019
2137	-7.26306584174785
2138	-2.58023802526352
2139	-3.36049271505365
2140	-6.16201049167953
2141	-4.57018143362146
2142	-3.28210692162541
2143	-5.90190617002724
2144	-7.04976318015607
2145	-6.7919685824981
2146	-6.90648719854008
2147	-7.23837725265861
2148	-6.53097858163264
2149	-6.78895763493431
2150	1.75589715032304
2151	-6.70186562309503
2152	-5.44914126102658
2153	-6.67577045220014
2154	-4.83185123169967
2155	-4.84994879811153
2156	-7.15373942856923
2157	-7.01567522351358
2158	-6.50891408964325
2159	-7.10455467987245
2160	-4.77198267975286
2161	-7.15982007003519
2162	1.64727719604546
2163	4.46415826551638
2164	-7.23164580293773
2165	-6.48707198553224
2166	-5.68361225595338
2167	-7.1612291694914
2168	-6.77635710242148
2169	-6.7994177796126
2170	-6.31522550867427
2171	-5.75165906402898
2172	-5.92116127499634
2173	-6.50411821462409
2174	-7.19416780175324
2175	-5.63916589231751
2176	-6.8586383759815
2177	-6.82496935947831
2178	-7.21985790052842
2179	-6.1824770024978
2180	-6.90962586555292
2181	-6.24944796604003
2182	-4.58550420787493
2183	-5.16281916933097
2184	-2.79254516745517
2185	-6.77241320309049
2186	-4.66328503486557
2187	-7.23009937744605
2188	-5.58742647131144
2189	-6.77750350802441
2190	-3.40713834243668
2191	-6.90333564552687
2192	-4.15547450398152
2193	-6.99396475710469
2194	-5.33286321965731
2195	-1.0464677789778
2196	-7.11784966503795
2197	-6.35312252770898
2198	-4.59329693271541
2199	-7.06253796070689
2200	-7.18661879333647
2201	-7.10575041732641
2202	-3.82381747371762
2203	-7.10013948329431
2204	-7.05894216541921
2205	-5.35373307042068
2206	-6.88734850883344
2207	-7.22871182199494
2208	-6.89391641291185
2209	-5.84869927986821
2210	-2.15980674539164
2211	-7.11564980717133
2212	-6.95957945343419
2213	-7.04957562769119
2214	-6.80578226626424
2215	-7.11816467133761
2216	-6.56701953196575
2217	-3.41330944643276
2218	-5.12095616515178
2219	-7.18238471200198
2220	-6.6097874876134
2221	-6.92633431180191
2222	-7.25083009279188
2223	-1.24541979749415
2224	-6.88741957192452
2225	-6.4780138434934
2226	-7.18992388612679
2227	-5.75667223113059
2228	-3.95193248975283
2229	-6.26873862090019
2230	-7.11063627423589
2231	-5.58490831827454
2232	-6.26185845223055
2233	-6.53761464087616
2234	-7.25122426792408
2235	-6.57293559572755
2236	-5.23245169315237
2237	-6.88339635566795
2238	-7.18608168603239
2239	-2.25644009974128
2240	-6.91983526523804
2241	-4.75757505410211
2242	-4.62745158073532
2243	-7.08459858581302
2244	-7.05124317296592
2245	-4.83550560927592
2246	-5.85773821683719
2247	-2.11660870334638
2248	-5.76248282840167
2249	-3.86800587946914
2250	-7.05145500650538
2251	1.86057399473108
2252	-2.6143706099757
2253	-6.3462936718243
2254	-6.52392712539606
2255	-7.18428258008733
2256	-5.50156966849819
2257	-6.03525117355963
2258	-6.79973793117867
2259	-3.39658111055218
2260	-6.77781526321773
2261	-6.90000665862021
2262	-7.22542459525441
2263	-6.89072694298774
2264	-7.11997782892117
2265	-4.39241695019824
2266	-4.40674347753464
2267	-7.24823632596684
2268	-6.07427693981001
2269	-7.02690324513891
2270	-6.20155107244947
2271	-6.82048089705204
2272	-2.71567727563008
2273	-6.14444363469718
2274	-4.23707976324865
2275	-7.19862689754257
2276	-6.47676340307289
2277	-5.28266209355811
2278	-4.74698808346988
2279	-6.97062498132877
2280	-6.67781816409243
2281	-4.52446824627283
2282	-3.28101287184208
2283	-3.77376226719632
2284	-6.26315956328968
2285	-6.76767882698585
2286	-6.64071616731843
2287	-5.37612509324222
2288	-6.63428474833459
2289	-6.99188147223824
2290	-6.82395080993212
2291	-7.24461125883646
2292	-5.96931183904488
2293	-7.26198995369774
2294	-5.98901793772387
2295	-5.72750990156598
2296	-7.26175498700812
2297	-5.2141781315758
2298	-6.90804290794692
2299	-6.96555767275207
2300	-6.14161088928823
2301	-3.17322491415452
2302	-6.8143475624967
2303	-7.04936681189181
2304	-4.73850979160324
2305	-3.62016970432681
2306	-2.82281549704428
2307	-6.68431838321585
2308	-6.77770972162584
2309	-7.22722290859888
2310	-6.666674998051
2311	-2.74879204005843
2312	-6.47534561680891
2313	-6.36916611525473
2314	-7.07449059207286
2315	-0.957133672129032
2316	-5.87843766142228
2317	-6.16837229269212
2318	-5.49297711955334
2319	-6.74040735591366
2320	-4.90728722861653
2321	-5.8501779681871
2322	-6.91224993888668
2323	-2.21923316105627
2324	-6.30333580156806
2325	-6.23365562847868
2326	-1.44316086741155
2327	-6.59131769382478
2328	1.34067895249776
2329	-6.86715317355216
2330	0.163908102257692
2331	-7.0554208921724
2332	-7.23885715364305
2333	-6.84037981825412
2334	-5.87493237888268
2335	-4.48931988968078
2336	-3.83759537470509
2337	-1.42528686317491
2338	-7.04753270508653
2339	-7.02669632163646
2340	-7.24181564893461
2341	-5.70212368501745
2342	-4.17588489674335
2343	-6.61734392152564
2344	-6.6340980695729
2345	-5.89425196403914
2346	-5.79390574656334
2347	-7.01429318766054
2348	-6.54302209513011
2349	-7.02536662370823
2350	-6.96628773031177
2351	-6.60195861790822
2352	-5.95070785843094
2353	-6.18238044321515
2354	-6.70073729446776
2355	-6.78343540914733
2356	-6.93536164204433
2357	-6.62962854470005
2358	-6.62795902687269
2359	-7.20168961128867
2360	-6.61311321216585
2361	-7.13244366859636
2362	-2.21793500125074
2363	-7.02501200167861
2364	-1.51003463552588
2365	-6.35067589864602
2366	-6.24861276886125
2367	-7.16483306544546
2368	-6.48561857915035
2369	-7.11977783423183
2370	-5.62961062103903
2371	-6.70773226072533
2372	-2.19821368427347
2373	-3.05849607966789
2374	-3.65514962628413
2375	-6.31562613905824
2376	-7.02565271125729
2377	-6.5198498490865
2378	-6.99105430684404
2379	-7.1446044419084
2380	-6.26290407574692
2381	-5.57617360848311
2382	-6.49413342494438
2383	-6.84812199790791
2384	-7.0489711999444
2385	-6.99587986291836
2386	-1.31329956956933
2387	-2.6640792654935
2388	-5.33239863358536
2389	-6.49857858181417
2390	-6.7119305965473
2391	-5.90409607047251
2392	-5.11343786349672
2393	-7.20674299181797
2394	-6.95203664589825
2395	-6.76560838919753
2396	-7.09178172871163
2397	-6.93705123536351
2398	-6.79648345291449
2399	-1.15241237653554
2400	-4.77239563762554
2401	-4.96688028512691
2402	-5.44833274992033
2403	-6.41214294308216
2404	-5.97264803095657
2405	-5.42914972775327
2406	-6.58584090936864
2407	-6.25339453347215
2408	-6.98056021246201
2409	-5.27509152491278
2410	-5.36288397410356
2411	-6.71427015662906
2412	-7.19885063844411
2413	-6.33411136314962
2414	-4.23551439201644
2415	-5.64829638339506
2416	-6.78311548200533
2417	-1.76096371513247
2418	-6.60797141482646
2419	-7.09675932326089
2420	-6.79311510014232
2421	-6.20364099319536
2422	-4.8835433913254
2423	-6.39720968594149
2424	-6.98922866051883
2425	-6.43869202921611
2426	-6.06776275573836
2427	-5.37470451389129
2428	-7.21789516260233
2429	-6.38711854551492
2430	-6.05687588962135
2431	-6.84882030249379
2432	-6.62828218954806
2433	-7.14835280903687
2434	-6.99071198631138
2435	-6.82932910687626
2436	-6.9293947533469
2437	-2.56678000397358
2438	-7.03360579611008
2439	-6.14044659120619
2440	-5.67377907582781
2441	-6.54134452464752
2442	-5.10948177851392
2443	-6.43434795705802
2444	-6.33885505145089
2445	-4.22737534803293
2446	-6.33252298775163
2447	-7.20724125564413
2448	-2.84943682287938
2449	-6.35249346997301
2450	-6.74354999047095
2451	-5.61590716419317
2452	-6.07788013286464
2453	0.873906739465826
2454	-7.20146744790158
2455	-6.44491954711368
2456	-6.17657841406652
2457	-6.59221302384825
2458	-3.14469651018086
2459	-7.01694227189139
2460	-6.9691156361952
2461	-6.65135908067369
2462	-6.90562361596709
2463	-6.3914195092194
2464	-1.43254397285844
2465	-6.75907475460589
2466	-7.02407359276158
2467	-5.62729372671972
2468	-6.13936064213271
2469	-7.20412160140173
2470	-7.03525179165685
2471	-2.51765662935425
2472	-6.75715839119194
2473	-5.86595052665565
2474	-3.88202518169855
2475	-6.90571143401205
2476	-5.4249481713652
2477	-5.78074836228906
2478	-6.36281672450184
2479	-7.10619562722299
2480	-5.18824265795123
2481	-7.06822095382069
2482	-4.81009079044973
2483	-1.54559311559302
2484	-7.1562537237564
2485	-7.24101763991722
2486	-6.07557192402391
2487	-6.20237870347311
2488	-6.76298670029588
2489	-0.87164767693016
2490	-6.9320838289241
2491	-1.41667578913336
2492	-5.27920994069968
2493	-6.6295312159159
2494	-6.71353011061117
2495	-7.25714419753859
2496	-6.07304184829423
2497	-6.01253995009
2498	-6.69881487147597
2499	-1.31087212180491
2500	-2.33511058533861
2501	0.354694682958982
2502	-4.24665064191579
2503	-6.63950304383509
2504	-6.67150572303763
2505	-6.67270532188238
2506	-7.17961459032155
2507	-7.18281007150216
2508	-6.39245804508374
2509	0.533039255160398
2510	-6.72315575863878
2511	-7.05283845584495
2512	-5.15463978413349
2513	-6.86586532106836
2514	-7.02229009835694
2515	-3.88471949756458
2516	-4.40469728585354
2517	-5.77466586205192
2518	-7.1369373363124
2519	-6.81116557004387
2520	-7.00055024943785
2521	-7.0766035495452
2522	-6.18623355499241
2523	-5.14894529600319
2524	-6.75293488766636
2525	-7.15504312101308
2526	-4.94754189536301
2527	-6.62140299011486
2528	-3.34198449066063
2529	-6.75738547650061
2530	-5.53015986367142
2531	-5.30958382182814
2532	-6.30520787129958
2533	-6.81960878982505
2534	-7.04852219835682
2535	-6.24901428786673
2536	-4.63330562662866
2537	-6.4582024369402
2538	-6.78586043857579
2539	-6.44357991198042
2540	-5.91077663330187
2541	-6.36667873435755
2542	-6.59716059322035
2543	-6.66487304531835
2544	-6.5813447252556
2545	-6.80518416760743
2546	-7.2424166055808
2547	-7.03051995943701
2548	-7.19445132233787
2549	-5.76593514215777
2550	-6.08808297783304
2551	-6.9877325395399
2552	-7.12786946285934
2553	-6.28805789457888
2554	-4.60211057620974
2555	-6.41793182331709
2556	-7.14690818927434
2557	-6.51318118266357
2558	-7.07318415410841
2559	-4.9691753298423
